9837707706176521
38881774611327952
1578355560071751
33523389989694143
329752423879271
20224547895028078
38037503631348845
31226170484462331
22165996170487997
38527213596100617
8907934510503267
6497581860493181
11787339563937345
30052320458483425
39113266564619959
3714954552468460
11146879560756029
25286722278676288
25497992979084692
32006533099217773
13977819070034690
8238786246472091
19846686828942816
36772831826606496
21726882441554009
29352731487137336
4986010345096271
29200555042513865
27173577875649158
24472663904519001
23757576152536532
13048973242218586
2600126728203006
2340069839648787
38405752850585958
20688939166888771
9763956699446652
26632756208229603
25459743825492668
7041758582237110
36217585224642025
10879650354063036
32298259497837736
14645047851505506
254257264808182
11875735562556917
15231624473832285
14787820256199256
3539848889980115
21746779075626003
3376714608529289
37477338137189366
16184306074258162
4096240181429868
38387599762247653
34342322413152925
27962425159350594
35762748789988574
2157744599650890
28299505603568288
38566296569660521
13057570836594865
7751326239120251
27872272011223850
9453588545165405
1456602342718731
8219004550895850
23244508911790100
25455223498775871
9421309097338515
14823391300104484
34666097147182504
3572761816778480
34934052028047335
26898023177433302
10090605299905748
32337123750392964
13018233268587148
30287439632276812
24914079863126863
10638842877008857
36013165721176584
27701352750110509
38038389734049172
15213619714225073
35727524831353060
33689110799651454
23767792560314110
32586923159254815
18115856055024868
26979041156680936
38953052976913878
6724131855410419
11450154230053944
4127366921412586
21890732786373581
38021234467779687
18768669082243545
21261483368927098
26147421099356294
21288545597737287
28297505432710247
6076418628030941
24080186059707411
15747086800897690
16835200669260168
19368841233952533
1341256548326539
35784070798788462
24960655924446652
84270280267085
22752550106264717
14802266703394548
27088063133706294
871783644542935
15806499391049470
30647478970312724
31479701319521881
8504826005460934
14514906315020731
4020690951031745
2503838895658495
33982095233986482
38324737454152045
27949605553036278
30330989417581351
36461136789524031
16564683225560426
31310943809559551
16361657631293243
35213156928814785
36138399609771029
13929683185502175
10091538629350812
29331437166463254
13400750677357468
16790280429480414
26541701447963233
5926507718980382
15174957050539326
37252972551856461
34084374137604227
36306827934076731
35935566007543966
5620130391093807
32983813956542187
12762258860300700
26719380334143470
33284868678859803
26000236482502343
31705031246033120
24997722247548301
16150957226698448
30522949386221141
6200249047452800
11628307573756860
8909009272607366
440301851593497
23361120422773892
6266373464325834
15655289672650537
28379940268529289
8018086694704496
6102950330009441
15612020032811884
30056465586954351
6056969326942869
5497431406205623
32674255856008464
32470232672296444
18278149132417676
3827208347785595
12832888651744120
36013919474065818
38027065304368029
35485558956693523
17525561500083682
5480952440139850
269467847830703
5762545314061798
31543093304900667
35216927739136253
32085555293305630
11137240901528385
26072123031014598
9936581606349883
10059189734752050
11738481124675215
18613504714320502
335679221879858
14699294659327086
3199863648026381
12802537134348806
26471820563679933
4187725588216224
24559051382105191
12650152193388940
13731614929025173
15383018607163058
5847544474175021
4514055377021383
11952422795301038
27820302546239882
35009554486328377
16457300331283810
18565908439405065
5525393256420063
14426080446995936
8395360814938123
8199536371876982
9337623857862007
6843507612131356
21190746906398118
3851696580587748
4588035809412365
6425548509249696
31353632638533942
17227606126362886
27554473950755157
12010456465619399
20337824129020928
11142324509716553
38171866196515287
3726207762765065
3717961861545564
31704371389689212
8846298253254796
17315089553396593
36474341630439438
2336464931547520
24286324307905324
28928514206762233
15395404175557520
38312049469881163
9842196717727376
24537616458929979
16499527756876040
2982439110273773
7806587098423945
13311254430087624
26920040939791977
2164947425552144
28476252979453320
18620082099674215
36825424274642481
17949458015732858
21697908705466595
26013414448221344
35078547043364888
6392967715999049
11488592939425686
7606819018072872
4860320897588524
9732794949130809
13604865683013881
2134870146985994
14285697831969058
20909344379179
30151039225377342
29135027205201303
1930819647224094
3230397935071112
17061540755452234
12811590614495939
37176446975906065
24395209046561385
10716925335541054
10413088010894021
9608334730236343
16239096774249040
12635098374745429
21002959836770092
25338200005662448
31824641059707978
30084865934643564
1061124020373322
6043920607092151
21957808015678447
21462296867636608
18029401724098978
14710033115956181
6809691029064011
35594099175836658
28236868024713245
4865157095930681
18695600700838007
11495781545197671
26197552382892042
38676353550250322
16081700128955307
406534006667835
29306878318981975
38859781587584096
8617888404547570
10589890322656687
17274004172729386
19459267509230671
1634612191203695
24649533911960191
27722587515561113
37560700733546617
30105085088766607
6498359154908210
31622889885836298
4443391495900640
35714321754007171
13678199237799590
37959773288614915
34192180777443308
1659153171826543
27083454457334136
34923218588929872
24795247658299521
6693229748299312
35684286221354419
34996536124545326
30092770299472404
4485223260451395
27095340060390292
39032751080546001
42882274482407
4476841306266671
32581050834318223
13694111290063084
12506725455346447
7993720435312632
16599685522655262
23835383754145801
26912818785448560
4758870205288954
45417047159060
36488162163857080
21484484439418778
9791325450297013
2953928593867449
1660344492062701
28031683181518516
29601221876937881
7544349302661547
19807929017660521
22630439218232289
20232719035334339
10601164080911722
14502876107535001
2737738644022038
31987460323468980
726224244860384
7310133918876375
34062772238509089
34235567497779280
10927737441307292
31812417380442635
5139795834681454
37657368229676235
28659132965682197
31085572680558663
21972508303487278
19578397415500793
12808094009829352
38406873945599561
16385830601624626
16735551002804593
21810057661395926
19477165367809221
31228470876687431
18598140815035234
21374394239933291
9027904923604678
37284076500091865
18788566501400848
32823495005753512
3805687129835006
23081906323443934
21972218937826183
21557611551236336
14000189578311100
38522442421976137
29173034396159367
8617050582972751
26217928286540005
32264079012016832
10096865295119097
35447265104526131
37872678791475491
26398742353221214
6527006411116984
36851993017466279
25950700428407037
2340855122658283
22955027156808474
20408694719436846
15711350021477120
24912766984483900
3514217027234611
20097161230608838
23195710027963774
2411300040665704
11409242113277738
12551666580807438
3380723541135145
9716006284712604
12515087515072435
1835195760701411
3779897852003906
38166727967693905
35716263573387696
21005479693336991
29736043426708255
11746921235768267
31429829044046691
31695475764699990
30747135386515627
33909895949592147
33730306742779258
34661256129100785
3808176706028794
14864338073067628
24245021786401961
20294002641115428
26763395627966790
10727968433307357
26316386329086412
32481810765577624
10292544604978942
18244206548799051
19990981192882830
37380424475906511
25228042120808690
22881809677918445
30201674834889882
33265727592070514
22304107796197974
23159941598520794
13748035157963123
17149312695077697
10813818765976424
20773945010680852
5384892406289657
14780926387448130
2053435904688507
34801492842339406
11444059247076485
17215378031194843
37029709061938900
39105236745791522
23889510700419877
5627444680930112
23731061454803466
25693827122549773
10642942820821517
6267592145409763
5868540959271157
11868892684716710
8504004129649467
31692334469434269
38636842591939414
14621692499125490
4905716087052700
35159828693144606
15455679242158156
29892647214287571
31025366869554783
39114043578817408
11647707442873978
32574327553281315
30603928984806628
5255814442631285
36191339769074753
32902555379880215
28634516302237037
6533220382722513
20947147628295104
36265755726991726
29397494461547468
11310169532733045
2988441353872274
3304043584371625
5591015489658381
34386733162145204
28309252843347424
8012938756007699
112067005739339
27174008093615432
5354447674497335
11865869091871027
5037483353978704
20696475400437426
27939812936347937
25172958032227895
35291144085265795
26514532373346870
5915308006636322
17751286245191070
28084008611431175
18550559942085899
5238731338567061
270328956876925
32961821435511221
29172173629732273
24431758387802727
7714068490798520
34503021274542338
32311250827767783
30588637781389412
14721109833074418
10879336694769374
20253991247585401
5764241687787858
26646452483934083
12969864731741354
28197499023452810
13954173191512446
15604781107549415
33551284362265648
33019396893141658
7540249942423874
31329259969804202
30093518248940093
25009019820406867
32309512413461668
15072673545172993
3978556432127465
10726840949110803
20939870509460687
39046502442182189
1831010033614403
33085901034124292
23728120340894519
33400637570406782
19575002653559374
14823120329731951
16849056584875181
3698094355269051
17102055494485260
16381302713446119
14407365376079351
12270853052033370
25106190549466611
18690516259061338
400768675267953
32572470831776574
33429582782558865
5515060744284221
21674310798703147
15257468304310603
16619397360266512
20047553979256077
28784052300212985
20243354324751237
6892489597882007
37262431667389605
9841570469248141
18059850520243160
32541432550004713
19270426426351821
26662664032410021
16036624142963287
34784157921473659
19740737958883176
20538172569277553
16548449619560655
35941226356358618
22590545306776812
24755413208976997
8107982702444274
34281864123210446
20743073703925177
32555110657628179
29716508134205575
37471650198079086
13927853180231401
21560322864908480
19719181680095508
11609674250034029
29573508944010575
14137079168789220
14623900086277580
25230779609978239
22456361622593240
30611811712218616
35479844674716779
4889399030450544
38601635967372806
13670978951110445
9496691698968807
31283426638038096
38717075635767596
15088291004661668
27632909087770208
27956801012745338
29711370223703815
17559693755888119
31598590598980824
12575870043411157
137657894139075
23327728803342885
38694083888491877
15324002822592348
36461646399370811
27394595243637791
34460221384975817
9216176053832489
32142639647528988
18959022639909156
25273686410881309
10458103505664024
37060091818404291
26396794908768825
27968464985629949
37566060765583805
12370223584383349
32391772147049805
16498348851187241
12601229364027775
27252065886429172
13008655482162985
26403131057921009
22465435683488753
15139047628153175
37525569456916044
4085867335068929
1186954344269722
27107825968027701
23112357627611859
26589484734353326
31240084923211275
8720543525097988
17070446591434179
18069906645073302
388730701750366
25861424968501309
25693414045680087
4378877458083213
7187455790318060
36099797575092423
24311019012711030
10803734335086692
24681119544241973
36736630898277789
28906178474824137
21413653526544842
21474430073842801
15468939517741954
26280063389997261
16778040887478227
12394364958185716
32453514889451457
30241963666679456
3186142771492073
30240587076527540
3168602553951689
2612848916955467
16221463288574959
37903994905724249
4998530099289710
14719570261479297
142433821343632
2848661953347334
4991764230756671
33165231489722141
14651694858060128
16319772274682072
26328822152815846
20678168542817821
26943076176699306
27288420750135977
28266383919798035
27489970778987391
10586436889959519
15947398649509027
34360047552765082
37470288603600107
4315438747872512
33551275741022406
23952659433783177
22493665159100579
10813087305637590
23703908563899280
31882164767714234
3891703400757290
8377115971995609
30487941201807079
26154475878642627
20677395484488925
11111644329445588
22653681776273133
4426058064230104
28613492993400469
10067104149805096
1764220667366920
17712004968036240
12382989186803059
2477473742403156
20345108198898089
28242252629032934
33713360586255628
13006141785300229
17250497318332508
9208153758086472
35579920670950309
10485057180312348
8982302046637523
25733018093329908
38554423850338441
14143146945817809
25368084737156937
2724536194589648
14235303309762852
30007644694191811
10180008593417294
12151795270772694
33984663537624749
29290181368747094
8293897554037500
37895807678041193
8586591940185694
15764865962884018
14528396760424935
25745354247355696
19840306091077295
21119805065164240
12264761519078930
38234705786115869
27845646807804034
21298833483437079
2089018009743814
25074760193698290
8006459270441975
24772719850453252
18276308645124505
32588151879758142
13534280027994342
26718931432332092
16080497199719914
30728010844879075
15930799313432602
19573634045135634
25787295760521471
9036163095568652
22642416642902238
15147207947272494
27723907751242200
30738869170565453
36252279329830133
21177088472148139
12005514105008638
33469265634822129
13129396541736381
38576415660232347
14849438019081506
1399751102381140
37836122428785165
997934017578526
30092105958304214
16128932419610792
4693782047781649
1953067761401027
4167017011428648
4599233211115948
9814297784585398
24721864340192740
13502447588933954
35111093025792874
6104898812508822
35444003526327750
2783216930272126
7850848665617459
762510281858077
4612707228510866
10216706131459938
24284910716337548
12005223334628379
4192272588815915
4622683186351638
27739236355646449
3581485371033054
38107393470747468
23824097721786912
403201834682057
15712268140708934
31650633616922317
6098786389760158
18797407077398994
20126857929455170
20658800374006409
20670225895529274
8803130116801648
36728842980186940
4255864330131384
7229329913332686
2054663040396608
1874131324593674
20943652460596370
12036648049648010
15834559952806787
30434245385082126
1267179567569839
38824105373187901
31595568300978316
17998001721036794
32745416466414867
37645119939251505
22999854034206827
5272016723120622
7572686049232815
8416223616219569
26590265163861922
12705591573701253
14059112779845393
37976375691443106
31579954485358334
34757507436940802
4655279782403850
36690507765324893
6852929697248524
28628855872922781
6213268565841913
3900256557322305
12651730170260057
7400992079410112
24200112374914988
8277830366608593
26000277276396813
20204594586567092
30970064769277256
2080911158359920
37193107121085812
8162436212347935
9809960507028692
11134837024394234
16993592691522594
21710883049967024
7188987103127928
19057668665125303
1559574047344210
22854082350091954
7292470079744943
33302108019882129
36678928550450750
36398117946661126
12822861781800948
472616066232984
7283372973233321
32405228263835587
8610042535337911
13467990704227798
4298265051273489
15884293917825761
7663126875849875
12251979267642304
11226101027278402
7267876527461790
18264340750194673
15771050800442631
11263192917931162
16998552292720309
1469599504252371
20978798591606579
20087813738993550
17657090712799969
2534280568361820
33496127671802068
36016500918669306
25689774422569713
22066225016144646
20511589236364400
23502626468884102
31644029031303717
7376435062111437
4310475443930402
38833626849012850
26388204032125029
30339042656199920
6150266617935176
9545310501369036
1463304092840657
27944042386398438
24932061371124026
3509577586343855
33353568551294695
14794142642896653
36202985246186254
22617300091604359
22603839044215475
8950185197372197
9482165655539897
28600244222518641
20909534235440246
19405787029042905
22175283865722540
36365483630572054
32503348601110501
10176724209699738
34288565771479762
1982172855294852
13234139212765757
24271338881684655
21426583658765328
4489375888906617
28096938323162592
19372288649404540
27963290498009975
3108989802252645
25357316386337198
1920568875123011
26862355631221556
38665926849459368
13974136758692018
18267787591022776
5230335805186225
14165051762097959
7230012465279701
31717281404386406
11663741529535467
11752193853930303
37261553982188053
24568243227561478
1527722869850352
1453171499077169
30349455736477206
24796367370473455
13238167707342645
32734831921875349
13977993879806726
15483018385070705
34290878735849090
17228787747723446
21038493001312989
11861937437909572
19867757060748717
20931842756171499
15374806208048215
29537057494729829
37951939279350449
31161364649121423
7171486713411053
19829710838304805
3275882792757121
32862458441282188
2005390659753349
37737421034390679
36665293069443466
22837521193439535
15592472556787777
29263803752072540
28406718603388155
28125597993375185
17948738713261813
8905870244957824
37645975693115146
13157476382446032
25954979575962455
23106521685211676
23901096376605886
6824886447895413
7737553027509984
279499665322457
9354042107498785
11084413938659607
28454965555060872
8792255489580677
25526832453035595
33922984759692123
19197373908715151
21101469222931955
4713054214351820
34061350141979479
10958348812569872
38623454445135398
36677019760056032
26952167605114533
27779191675683179
16164528294078442
21269806804700205
13262806188766469
12974777421430771
22593319775614069
29892824523482579
38343901113027982
26518519703104786
37484484326949319
25377978863239734
11502310022407159
4188885654865693
27322724675998389
35816114809816701
30925174890495802
5738332933280064
5515131025255239
26196094660350892
36635405916728355
21639616385990590
16193457340311292
33259017383606809
17124678807785906
14827825436896805
24145084153141281
1580533129342158
20636160384288613
16590756115320111
