9139326
13772349
10831238
11516239
11888957
7504572
11962604
8432790
10823463
1662147
16767270
7528346
8992577
5628110
9250867
13105094
3245735
4973236
12615586
9126058
15966330
14590333
7523503
14793676
7031652
6222443
16153705
4212409
16891162
11286749
15754713
1656854
12540028
9267271
17921597
10147175
16923377
2780760
16579496
6120058
3112253
9673948
7484831
9973774
9079621
7363775
10045149
10150258
13828889
11228860
17173957
9939351
6649205
11565674
16314657
9008543
8947423
14912288
16441659
7034645
11259120
5110018
8098531
6245524
11721770
9056904
12417532
11102329
11701809
8212198
6562441
9343230
14077861
17344062
7169160
16521091
9899629
9317472
11388523
11321922
17219372
4882662
8200133
13891771
4890634
16328716
9674004
13528985
6814316
9147428
8560301
16766146
14125843
9531551
7874739
7021738
11330682
14101040
13610003
12615921
6126890
9449891
7648728
12177100
3984370
3880246
6953294
1381586
12040201
4542063
9622889
11818297
8538275
13017334
18855378
11731014
10614535
5194419
8037633
12644661
9171471
12171585
13170046
7019234
11763306
6783850
13928244
9497008
7358837
11002536
14917910
10294537
6587782
11548549
11061860
3950587
13146928
17591026
10130325
9101161
12055862
15804475
11896173
12404945
11681694
9473788
7543891
16340647
15209481
7534752
2275373
9033622
10643625
5829484
18638405
9819403
10106658
14246067
14224846
9284214
12288613
8831212
6096128
12306703
6393370
9655765
6547937
9736131
3473238
12134490
5548504
7824669
6966612
16450869
10595770
9994702
13805056
8822152
18135064
8785878
10196197
10932493
8199717
3165243
15574820
12406387
14649216
3536631
10822301
14267365
12985957
12556293
6769182
8866738
17977155
6129358
17649914
15433834
11437943
9285646
13518598
19128875
9093590
13129329
5374681
9368650
3644662
5754867
7727918
17393001
5337010
11919755
8387165
13649041
13617471
10128389
6141463
10060240
12506329
10994837
6449674
6529924
8235374
17529205
15490946
16760746
13815342
5401899
6102465
4724575
15420984
8076424
12515596
16106024
9097364
10346557
1969328
10085268
11627493
8915306
7507056
12058455
4558927
13018211
7835989
10049265
14218767
9881649
7123632
5374796
13217237
11118127
6991354
10067841
16601840
15001068
14720434
4628741
10198034
2814585
10740320
8426477
9171049
9255644
5498800
13579421
634321
8153595
2037768
15165908
1475162
2409099
3503296
6460079
11821346
14037129
5266501
4169931
3686535
14946993
6211015
8359733
11242489
8015663
15437145
4625596
9136054
13846407
14037563
7483237
9050403
10496257
6110344
10162324
16696917
2436131
15343074
8999645
7372714
8110268
18616947
7701245
12366579
13122600
10963632
12751198
10440416
18985535
9709788
4943947
8682378
8345305
18383097
3183289
16642875
16549737
9880320
3486145
12531329
16375798
9579628
15368288
13884282
3580761
14268536
11653170
15186945
4052923
9288393
13117380
11381994
10296374
7774089
12337211
9027557
12430539
7479913
5309741
19128396
16840400
17615920
5597017
15539168
9498677
16673215
7731158
14563390
4400447
11259664
8528430
7335175
15341075
5786378
7317248
10423064
7548225
4704014
16886922
7617150
17340737
5984667
8971736
13169266
14052475
2091465
10144904
9760332
14152818
8982333
5373803
12442533
12659613
15358716
12512084
14396239
10637001
8795966
7487155
16009722
12391036
14331424
16384554
9232689
9390175
7483713
1657910
4154422
6700122
5816940
1025454
3034780
1750861
9722335
4647385
13296123
11612412
9593645
10621191
12227070
10058329
11806003
15640528
10543814
3975911
15372313
5906508
2916677
11337844
11009385
5559044
4142739
8955344
3702089
8639508
13958971
9891731
2837222
9328904
2225827
12436676
5330137
14351924
13281991
11021978
11579256
8234167
13417159
12819301
11886519
10241982
8353846
7482469
10004121
11120828
16804494
9556995
12169201
5842869
13294176
7719555
6791927
10243872
10988731
12118849
7607721
11769304
7976776
11449143
10207500
13972570
14565828
11756886
4019994
18015926
12157146
17115984
11211739
9185624
11247892
8615323
10886800
14072599
17885258
3708546
11243037
14781781
4746628
4200134
8939136
16550340
446069
15108364
10196679
7239987
8371158
6034256
9997171
9278031
8251914
6494860
5759114
5878049
2291960
9739811
12049992
2344385
8862672
17526582
10637005
9016678
6442825
18944347
14950198
12131820
4985827
3979288
8580386
9570871
6581547
8794325
7011749
5530691
17985352
15260464
6287872
6720870
14734482
10371057
9429572
10410101
16632478
10298756
4814778
11095903
4647085
11513372
6133918
6047071
13154869
8160541
4788511
11177425
6594396
9704350
7076829
9554968
13318126
10770260
12956418
6698374
5157868
10593451
8997811
5818495
11428110
5357548
11787529
8846418
12305942
6716211
9578727
9606549
7698832
9055961
13959931
8397301
8839442
7180026
13163148
10567884
7716697
8520509
9717393
9388351
10311962
2469845
10261090
12544468
9530578
10201652
13940571
14471453
17074700
18384637
14337211
12805961
15022737
10710847
11711785
2107452
13337071
10775386
8046074
7318404
12469953
8846892
17658782
16955716
7426771
6099629
15387284
10209031
5898507
12245348
11040394
13665277
3164360
10429449
8883506
5651367
11590509
3204569
10067815
12405364
4775780
3030655
14054188
11892496
11199896
15014689
10164316
8924818
11758593
9475988
14216969
2183425
13832274
5391691
15422142
8923485
8901719
11888250
19220494
12694335
5091556
12549350
17118497
1275602
12837582
15228985
6854401
4632332
2909384
13987613
6457550
9143046
15591482
12516806
8437386
14532057
5192940
8275752
11933511
4114107
7898664
6546457
12241704
9808635
8687646
10910014
10438840
7947905
14339116
9117080
9551835
7511259
11238656
8638034
8881839
8494003
17308853
7744807
17879593
18174240
11238546
9306528
13309482
11268392
12408091
5776424
2004717
4424306
5242835
10535508
15128937
14030840
9240214
8440260
10654921
5105008
4263212
17157328
13294009
4116885
11788759
12566531
7450084
9921223
1599758
3542914
5521889
10082782
8263991
9978074
15503493
11625438
12075042
8437184
10214525
1092772
16827828
13216133
11342359
10309894
14426011
17444105
8620792
14922100
10707018
12241833
14197715
5410465
10949207
7980543
14646049
10126656
6526029
4003528
13168689
9779962
18813531
5937908
9084986
7651896
12353467
7744818
10785966
2204252
4587428
15434402
7837616
2214026
6281144
8784229
9442258
18481599
12798854
14274537
6072299
15282864
12484480
8073267
10911842
7724779
11021053
14057995
13323612
10891957
5591355
17527692
10665169
8860682
12265152
8454881
14940718
12722259
10528540
10931476
14404926
5249482
4953695
17485055
12180183
11931546
10904852
12081566
5586904
12774957
11744956
10802994
15567806
11451493
13809117
12182160
6703737
15407723
4995168
4120831
14968637
12108027
12522733
10957195
5537074
3727852
3638850
8002678
14807730
6403395
14987762
18291301
13978260
11139329
9501159
7419078
8641251
12421149
7178128
11074493
8153933
13837056
3876252
4716886
3419369
9976303
3593922
2546382
13064469
11597267
1925171
4951518
13289868
12187549
6310927
7102625
12220276
8440946
11977196
17323247
8797631
6281389
11017436
6193671
14405982
8061970
2797177
4223886
11944308
5872579
8660294
17336756
7628994
12571880
6637704
7055413
10888144
8383831
5105176
6544333
7079861
8405505
9449562
15676610
16505926
6981186
15580203
11313191
13662519
11295852
6964721
11703444
6004533
7629526
17074912
8818717
13663853
9351194
10989209
7867150
6407344
9914184
14049312
6853361
7409864
14633137
4553496
12806699
13435472
14830700
11581526
12694958
3648821
12929609
7997771
6354907
7104145
11496970
10489061
8956202
9051061
9256920
8136274
15018148
6196814
9400246
8441414
6554655
1877106
18962674
7763296
11893754
13137926
13067525
6864279
9849154
11796932
10292355
8401883
10265040
10490670
10318239
9614854
6312703
6179928
9538962
11772352
12544104
8501161
4876472
8808153
12945256
9758611
19240905
11055772
6063662
12113388
9388019
8357183
5643800
4115215
11334344
6831642
8067599
4026320
4684637
15808902
10036328
8491271
13058325
10328335
9149966
8854955
17841659
9559838
17005047
13014146
9312357
9920751
6890556
9358043
6965188
18405408
9464236
6397438
10097669
18856671
9999524
5713500
9456470
12317804
6775073
13038897
8476303
10919527
4168912
13138555
7130420
14868063
11057388
13327108
6000481
5956014
9850851
12894463
9233161
13434889
15351953
8080745
16981353
13380610
1850898
13476772
10454503
4446110
7408285
12351946
14104047
3392038
17103436
16463814
10348528
1425164
5894910
1848553
8301295
10060471
10994783
8918370
16968851
16675405
9700589
2263563
10028948
11748403
17823788
14352314
8199425
10658577
8788411
9407036
16331801
12021358
9153824
12173692
9040360
18198131
12287832
12120142
16586676
9588967
11246755
9520195
2621778
2741809
12242667
6605620
2366093
7849211
7599970
3158566
9844588
14400577
5666558
6806568
18632371
12105049
11703192
7473093
10469659
7603085
13384931
8248097
7793232
2358446
13600496
16526697
11035214
19565149
9291889
15592865
7834479
4224725
8424212
9938294
6828357
4938630
10439157
10131243
3287926
8133609
5976425
6280678
9905978
6993734
4604608
16049249
17894787
8301086
9746021
5169989
12006377
17567697
4032344
5650712
15739992
10806918
12654570
6707939
17903152
12027929
9293941
10859409
15467110
10024348
11606180
10541773
11323433
4990187
13714262
11610548
9531925
1905869
5848831
3290705
12583570
15556141
9011161
9866198
18781282
9259954
10482116
6659219
11413928
1600385
13942858
13048201
12135275
5750955
9963246
7474871
9975928
10757614
11346388
9884324
4343690
4909469
7589880
13348923
16813741
10558042
17991880
8594311
1861666
2941540
4255688
8428153
10830089
7756482
15919166
14972245
11258060
15642334
16617597
13943207
10443820
9351857
9100644
17172265
17823620
12594494
7125107
6213028
8339467
7967156
9644833
7096379
9009470
5384764
7241285
15386266
10084109
9445477
7643679
9186214
13332967
5211398
10724149
11634522
5586463
6176394
9881917
11389678
9896851
12493223
5453123
8772528
13877701
9448297
14546076
11761259
14665998
11806933
8294404
4997879
8061008
16365241
2932114
10512605
15578734
14446020
10041607
12242681
1401742
6118133
7572629
8543761
3782632
3493967
1482639
3291809
8735773
19031103
13629506
10886448
11518530
2842951
8062660
11123930
10927597
11034194
4183548
7078893
14273923
9476665
2106980
2112721
11162104
17554556
7360702
11198987
11856001
4447367
7574697
12018716
14780437
3239613
10612163
10327993
13912934
16690193
12296502
10773999
3246542
16741613
4941949
12514920
8524435
6899910
12984612
15779283
16169396
11730031
14512200
9429367
7263600
16955989
7874049
12241707
9792551
9053461
12550689
11673735
7523758
12667391
10562444
8931529
7830604
17231037
11108446
13395900
8939506
13251149
9643169
8794861
13371386
9686221
3378914
7698033
13690353
7565489
13919627
8656173
15415920
11011948
11025149
13334281
10798328
15442728
11180843
10405645
9839271
18807547
9179970
16071522
16020724
1968526
6729684
8806914
10507448
11840015
8387674
11148856
11482483
7565415
8299460
8184837
2462324
11577812
14616559
11727221
11066033
18868883
13456457
12505336
4629396
13419679
6766295
6846878
11055501
11559098
12594427
6909312
9500793
12588150
7286098
7245459
11571560
3214652
8676023
4197369
7351784
11337014
6104893
15633175
8396524
12063645
15253255
14152995
14609521
6123389
9414129
12895819
6705488
7503600
9286684
10762529
14844201
7868405
3551032
3860394
4717693
8495463
8858419
12253299
4871150
7078703
1064686
16647220
10546071
2664628
4543521
9309573
11178491
9957961
9489474
13577048
5926705
14601457
5726827
12878827
10325902
8573289
5252813
18406569
4422798
7830027
531525
13232429
12662370
16877733
12808607
5035313
12802584
1820808
8133207
16892057
17706325
1329607
13033034
9879850
5927740
9723137
11874720
16665420
14264869
6305933
5471146
6573134
17652441
17620288
6196949
8219213
2007702
11574944
15381690
11467416
18698572
12171836
15473291
5425904
4981810
10981602
5937238
15510169
13829878
8917091
18124459
12669084
8121500
17828012
8875113
13186425
8384423
8524171
744497
11286140
10294766
9869820
10978646
15357209
5332380
4328342
18715257
8154301
7582310
11782018
6233837
10828679
14053985
7543040
9925403
11680128
12233247
12331352
17059497
10739178
9506787
5245678
11369639
4872643
15529364
12026023
7623639
11344566
13006406
16940707
13468158
6985456
6034851
15333189
3098307
8888386
14287559
10379369
13325543
3657964
10196935
904852
13874971
3960810
10936916
16590563
1786007
4511036
14480594
7846004
15803625
12778031
14745957
7546680
3086900
13279737
6650914
2947392
12671345
9876201
8080923
8668181
12271106
7160901
8732242
10900481
6642261
9097252
6026314
8154220
5816685
15163565
6548435
4773781
11238449
13031429
2977911
18859999
4767913
1653698
15065963
7221217
9123327
14747332
13663042
5576899
387547
3183838
7280006
8521444
13947788
9578082
12742215
11566997
8748650
9470488
7263612
14715330
13745731
7805386
16121608
4797392
2655145
14070364
8293256
9468139
4693692
10880626
14914897
4070056
15903840
8249003
6382007
10427935
5252184
8131469
10738615
10611737
11060206
9528252
10283659
16293030
3848193
13291958
16194363
16012117
7252802
9451519
5609284
9269662
12384068
11222591
4604462
10509496
15352497
13886396
5514285
14653248
2295700
7730618
15552122
5082613
6582703
8814729
6308992
12695312
8754378
8596565
11529088
9873245
9537048
5705663
11414116
4121680
12668263
3283195
6518606
16532006
4788094
3829743
9094185
16224081
9250909
15924887
9459375
14640396
8549670
10458262
8339412
13994163
12555899
4775134
13182147
10017510
14157837
6436894
3106555
13338188
13763307
8063455
6417382
5602810
6873450
9502766
8389701
10663246
10073252
5770456
14151914
8490870
11396128
3668280
8172662
11548813
16607421
6041769
13770416
19010722
16042512
7323879
15512769
14084868
11935204
15790551
18660141
14717133
3949418
9858453
7879953
11313381
15270560
1771314
14034968
9983696
6248308
7658865
8580718
8942469
966596
3797822
10454854
13884315
6105046
15009840
3128266
16350471
3647252
5218845
5448663
11099512
7065255
10364025
7069281
13623689
9929877
9192930
7283468
13625240
3995541
8571273
13542175
15553706
7268971
7759718
16620398
9660749
5419849
8778909
5157544
11330004
11584895
3861265
12371792
4784367
4684164
10750587
14861717
4525315
8449147
8352757
16925137
15140353
5883041
8766971
8666924
16775572
2657207
6389911
7867736
11861817
12432613
7833156
18169955
5317529
5403134
4432095
10524049
12153788
14097299
10143188
3349777
10827572
17035469
6625257
9067044
13490822
9577755
9605877
16489651
16995100
10488254
5021414
3084719
8305221
6511118
2030652
17429145
7109737
10729469
17992861
3995708
11133684
12739397
7672933
11279256
13677816
18856225
12314643
11897051
13221043
11009481
12422673
6804714
5695531
9381821
13641175
6603160
17802729
9559314
6486667
9306212
9391292
9570134
8720010
6818557
10009430
4883310
9006214
8255418
10753887
2950422
14887372
2248891
15330438
13978727
15172124
14383070
10434006
6593395
7889249
16591816
2308086
9614334
5405265
6359205
9672290
2807123
13301880
12213582
5171691
14211253
12816413
1644224
10697089
9758709
10469576
7294672
6988593
8542807
8845452
10297685
5629499
11867101
5733781
15492259
15003583
18269896
10621636
13518327
6910116
8061500
4754749
6488516
3026492
4242266
9671442
10604445
7874605
13421298
11783570
7481817
6772607
10146418
14067633
9428972
2228150
8611769
4805877
10001473
17592187
4620550
11415194
5296356
3565059
14174948
4789423
15591189
2792017
18434135
13627385
5027345
3499906
7488629
15868211
8798764
14857992
10944872
11404381
11878560
12698308
6709027
11146620
10873196
2428319
14629622
13768017
9288984
10873634
10939531
9966918
4462949
16769919
7532020
11845679
11806914
4787739
18775226
2033700
14650623
16739879
6759643
10204133
9117618
17505704
8004463
11028183
13615565
14931948
2453268
11190042
10926260
10680478
8816944
5875258
1357039
8802296
13805823
17507631
3591553
1397277
12291740
9881394
11667810
6674338
2812075
1224714
17736316
15660622
14687937
9070307
10102246
5154252
11473577
14917735
13639681
19346416
15847720
7842571
9351152
7332697
7210457
12438329
6418197
8971005
10010575
15277881
3095745
10225563
11895658
3480414
7261383
9225611
8828476
8673221
12029626
7788111
3222588
15649654
7545131
5741631
6132207
12274963
10858886
9596340
9914796
12048307
11431169
4846766
10757654
7912430
14756909
3139793
8132407
9414928
10615546
6291535
2999920
10279523
2982713
1873255
11709499
4307698
10172940
9974443
8428426
14821384
13174415
18034075
8487489
4580961
11476950
6502871
9346912
8025665
8131978
11540648
11359265
17705441
11885127
17021431
14036532
10047453
9973734
10003968
5269522
4123290
10465253
11012297
10335142
3842944
7501012
7745195
8686435
11931366
18118690
8666949
4007289
11948390
6014353
7802419
8253384
13677207
8262003
11826033
9857814
11957220
6999853
8604549
6598323
10337239
12387097
10156511
6559024
2390260
14978829
10005519
3866858
8219651
17603671
14660660
3397572
12668151
9981460
3674826
12142309
8996856
13094125
8202313
7620976
8128253
17997708
12171388
9140624
11441736
9851846
11899785
8953720
7156081
1238579
13867714
10494795
6282241
11160455
5868357
10146148
14365630
5875270
4558235
14904575
8725248
9393994
17761143
18994083
2173709
9188029
10345231
8880165
14063872
9367710
10274708
7591699
9677614
2187940
2019585
13009681
6152024
7726801
5491626
6347832
16428258
9400563
11570952
17618332
14062114
8766111
7210931
9890482
12320961
11502960
10077534
17457857
7072345
2952788
2148942
6600801
11338668
9225772
6533992
12457444
12446976
12322070
11005379
6673041
11122974
9811625
5802711
435466
3797479
15020901
5345217
16348119
13219679
17022729
4078570
7196481
8121874
15110241
14352129
16740160
15728393
10360423
10830649
13682329
3911654
8218817
12643121
15112306
11535966
4228761
6519416
10575022
11789389
2990497
10626351
6218311
3257495
9717740
17638624
6485846
6057327
5863681
9229858
11495807
4519406
12431121
10010678
2860216
8828300
17018120
7373576
9701895
17166751
3080621
10449409
15223501
9298038
10363038
5887371
5470449
4882446
10404462
7274854
10249500
14357866
19528410
13434625
11162740
12010124
10249551
10204718
6555362
9017917
1113906
15242426
2325700
4746346
8503911
6516835
19563787
10662382
11878381
13068927
16893488
7197545
10436230
12579578
9477663
11329191
4623425
5624130
16366158
10189862
8574417
11773122
7071557
11257853
14012474
15378979
11603161
8683560
10522785
12369964
8838444
6605554
5530406
14527430
10418722
16006604
3767109
13523435
10904677
11095024
14561263
8233458
13297320
15931503
8394949
7451504
9588836
11281249
12459238
11067285
17002393
5438172
8835983
9625563
4895507
11449775
6126080
13630028
14549973
18788319
15631108
8357938
13094478
13761829
6472700
10397359
1646063
9919203
17373920
11496958
13099680
8894202
1155140
12902996
6216631
10885676
4048855
11051236
4254903
6221956
10297700
3025579
11099557
13789645
11032429
9227135
691598
9275389
9256123
11879635
13859570
10368087
9420029
9387298
11645984
7387605
13092645
18054068
10336887
18369478
11176085
2645305
16358188
13118218
6957512
4473980
4675007
8499238
8288975
12323906
7014899
11868389
12154558
13763752
17733093
10613250
9732447
8097333
13455891
2208723
971273
11039979
14997732
12878181
11626528
13568539
5509502
3529504
8987325
7414146
9118476
3689148
10048605
17344424
16508332
5063925
15465640
1624545
7973227
13699937
4538053
8245397
10061451
1346255
12828318
11697948
18002224
12703792
7073018
13492215
13310717
9386326
9603446
16846822
14098830
15710512
13911023
10524254
6529549
7453731
7817775
4897522
14983533
9405282
10918763
9863432
4474131
2991095
7578742
8314564
12165474
7763581
5315896
5958061
13174562
14774374
9217683
7038407
15724393
3977290
6854736
15419656
8426189
11473021
12375215
11870589
2234495
6784697
6173451
14662801
8395206
10375761
16688530
4991321
9274699
1215794
9411840
3055755
12245918
16286579
4653573
9528187
9546747
12816263
3583575
2339326
3625069
9247721
10961131
9382263
5873633
10373027
16303801
13948898
6610260
12218874
9649486
16866779
8388182
10659459
7059616
10763957
5955354
4916197
14729173
3010372
6418855
9703609
16195186
10016160
5429160
17468100
4600736
17486156
11590511
5871493
5390471
192469
14494297
11299720
13302360
5996786
11670878
12084821
9436008
12463544
9594751
8888743
9908807
5249166
12773080
6734870
14687411
3004616
16365168
16018665
12132261
14787227
17011156
18468720
13834527
9893570
8119544
6587729
19387448
6463368
17803818
6608204
9724600
10479315
7069164
1367300
16327038
6828384
9459528
9341545
11528521
2871754
11158237
13200489
9112410
12078217
18542701
10717969
8998653
13573561
9234168
15239052
6424886
13022650
4055365
16452216
4666703
2697937
13540190
9318982
7953952
10306807
14715984
16342937
12048254
13186159
7072926
12400048
2699586
13879141
7161423
13255041
9110356
11724149
9388355
8525233
10855933
9749177
12518449
8448683
4242428
2264158
14466397
12302769
6969776
6103668
2172277
3753268
10936720
11724395
1973209
7753483
2936821
4887302
7273334
13273769
14750102
3062359
6901452
7993096
8578433
17406716
14239704
17932254
17530727
9658666
6190783
16662694
5316771
16653472
9874194
8589065
8974460
6554397
453431
4045549
8913886
8694298
8281485
10753897
7980558
5362669
7705532
16737352
12629705
6537921
15105649
12970364
14873023
11641162
11863764
7415324
7432416
9699987
13616523
10610551
7581015
14340927
14550418
11829040
14278795
9148397
11101136
12008818
12435844
9426033
7303732
4043406
15816303
14374672
15048255
19096697
8058836
12881022
15985925
18508445
12933865
12910242
8921928
5483119
6071667
2337277
11586536
10768084
4287698
17913219
9734824
15684839
7992292
5037996
8487619
14952964
9331996
9439212
8783721
1081232
12943386
12073093
5205708
15001152
11346786
12153801
15037770
5658418
14141539
16289502
15280102
13669705
5912416
6766934
3673255
14123184
10696007
13314052
8017927
13419694
15366729
10420026
14233582
9712205
12768136
4773885
14201320
14161309
8152864
9578084
14488690
4559612
12445029
18619449
1519170
16205228
9236481
2560154
16529557
11758322
11222747
15068127
7726362
8444147
7379400
12035336
13355056
10865145
9586271
10723609
16181701
4306616
2181157
8239934
4152207
15804419
8941292
13678287
5034562
6763752
14178100
4675302
7590671
17494874
12935046
8430687
3654866
2446145
7090142
13227524
7808900
8968907
9860072
14099476
10073875
11344756
6380578
6737670
15690958
5456509
6384819
7552459
17299714
9637878
13949788
14195416
17079433
7349126
1009262
8750648
4474512
9791975
16624093
16835000
13441868
4390061
11067017
12416724
8796644
9790789
9502627
14955620
12842211
9183740
8688001
9683958
10902105
9974578
17237578
12282486
5365114
13930276
14965384
5811249
9193047
10431305
3895580
11698628
10959298
11804711
8005375
14484040
11120687
2331912
8398730
7321049
10948644
11154249
9966282
15657744
3660768
3416531
9677902
9110584
17773033
13263145
12378133
6467390
5192374
7196634
19525248
7885981
13046835
3577151
3854829
1218098
4350246
10614349
8190968
10652067
12002562
8642901
7626106
9232146
11513558
8450141
8144188
9055661
7864653
4097683
7338339
9514818
15104069
16440597
2605562
13381594
17645501
8322797
8449273
3543437
7695019
8589688
14994641
13083487
9596914
11640037
10306968
9511663
10170772
10021219
4291932
13967368
10400906
6817670
7389995
11231323
11362143
14980349
8940937
14578015
6883752
12529974
11333926
2812434
10660654
14308111
16831995
10622814
9681083
9335018
14199378
15198588
9038551
11742646
15195899
12956157
8667607
8679237
9734874
11504454
6983949
10188749
11651338
11945432
5435001
7300397
10035368
13981828
13472455
9207424
10904936
11978446
10165677
7445949
9526887
6208070
15782534
10755506
13565397
12698955
8333183
5812945
5458720
4532091
12471961
11127450
11518306
13083569
14471836
11431958
8839529
9698106
15099884
12093384
4128117
4636604
15225870
14432920
9215085
7138765
1886005
6582162
10789449
15067300
8254151
6457666
15679212
1656335
6080580
6417814
18608492
7789525
12689839
3739027
7167733
16021999
6630654
10759030
5154087
15319536
6332922
4139965
12794462
11467688
16984373
11625366
8441283
9017719
6138757
7935037
9257589
12307112
8383637
12509451
15009773
12595480
3918657
12298013
4044021
10426873
10223140
12294958
10473186
4088418
1380155
9311288
8084234
7754543
6009957
3335435
10658960
16693540
2153862
8536183
10983987
18486455
5920745
8528361
11606042
14040946
11994772
3550835
12683445
9481821
15530621
10261654
10103099
8668954
10788252
9494083
7244121
11285095
6864714
15630533
13072773
11866913
5269370
2166451
7848077
10583576
10030807
8426837
3761942
14473709
14749663
9840143
9866958
10003952
12393645
7484755
6412124
14836504
14316860
3245184
7772547
18350384
9160724
17661484
10777904
11259017
12341510
13563274
10899586
7330417
5120571
6509032
11688645
9067276
15260003
10282251
15213120
12292803
14369455
13046441
18470310
4004303
9717187
18417541
13309993
11576833
10166693
5311579
13617465
12727957
15932854
4824687
12904793
8428864
7778805
8546718
11130208
3900280
6334826
7857376
6869084
8047963
16500147
5408550
10193311
9878385
11584809
15628190
5724253
5777574
14932986
11428248
10292348
14020896
8849159
9701495
10150355
8854860
6926626
10895668
9058113
5923354
7445892
6531469
7678231
10173935
6713792
10872792
10105928
6320174
12278755
11543349
12263984
3965051
4702640
14102014
14404559
11880797
7014855
9115158
8813054
12851726
15506192
12374239
9804523
6166472
12794375
14859236
11673521
13225831
8163585
17887967
13541192
4753937
10278333
9283262
19005516
11112312
12306581
7831931
13028082
13168022
7373302
6003850
3144610
8840747
9775835
7820988
10968812
9935519
7174317
9122101
2605306
15616232
6228720
10198616
4268822
3788304
12519129
15718391
12649287
6355831
8287715
10864949
14355119
8364103
7341216
14237066
11853616
6029103
9125855
16195677
15026874
2663377
8514577
12337745
6960760
14464101
10540492
5286659
6742965
14727298
19793601
7405504
11421187
13207656
9687833
13028443
6021490
2784460
17082864
12629487
11726283
19734764
10281081
8361689
7571610
3769497
3790472
7415763
16039379
12170330
3296916
16924766
4415384
11365868
4984008
6646146
5318760
10296197
14204351
10933102
5659561
11447985
8421480
11634711
13157576
4936172
12141577
4881341
3940085
9479343
8295992
6371671
13711947
11694595
5447759
13955259
10695531
9885462
9575191
12770215
11946597
15382668
12569241
9851279
13604969
7882927
8902225
7686908
9936108
9637473
10998791
12396449
7534162
12395257
15809572
12767701
12562267
18484656
10942097
694144
11758726
12684165
3937295
10643085
12251594
14367974
5539974
8104459
12508467
5596287
8015456
3280768
8894479
880969
12018580
5463141
7452143
16262411
11148975
14438359
11787525
2693045
7855853
6489570
14864289
8669254
13973699
13894191
12348059
5904655
14866559
10864150
6675055
1641438
5018616
5844424
1441938
9548277
8122383
10259545
14130411
2703305
2226548
8536816
14501194
7015885
14322521
8587227
11433389
10585206
7470141
13577591
8477251
5361827
14146174
4241095
6610096
16527381
5618326
9503722
15388164
7806945
7955727
4969669
6370261
4582834
11547829
4372670
10635551
16688821
16751463
11297393
14401492
13389901
10992001
10289261
7687897
4169784
8025172
13091525
10703264
8477016
4127115
16765351
10342277
11591993
8846307
8333577
18433463
8479087
10861668
11837016
15777511
5744447
14426478
17995066
5226857
10526420
16757222
5727574
8621584
11535094
11037145
12436791
6382819
8690342
14831192
10478560
10765047
2824107
7477762
1922345
12621667
4042530
9592323
14916934
7585522
10144198
9778018
7055043
14344718
12492050
7534921
763164
10305318
5539305
9238091
11237715
8465244
11317228
9333771
7779524
8901495
6088060
9757676
9078235
10090485
5214133
14733150
14053880
12799756
16225425
11978452
13892010
1613316
11142647
13062418
6839561
1901164
11327189
15033813
3344515
7068818
16790464
2096184
13472679
11971519
8469856
19175966
3047812
11169698
9670095
5328078
17430021
14221164
10962819
10715211
6942800
11241191
19738055
1776301
9167274
8548729
17091177
15359595
12703392
8064047
10115960
12487453
12812524
7266975
9297616
9375767
18388047
15326059
9633807
16059332
11959644
3650749
10535251
6408882
6271398
9072966
11793639
7903272
12955286
7613246
11277601
18933838
9058625
5489926
7901983
9391658
12407486
12541261
7256713
9976749
17464711
10640322
17142887
10078523
7955967
12187776
11620259
14757774
8333760
13958611
4048688
9933883
8627801
12521327
13887406
4280696
17687633
8821785
5018818
16872057
12005557
6669021
14915605
12494216
3419841
16491117
17049871
7509387
11059874
9504618
15067030
13388328
3197205
13982593
11480281
12678974
16254657
4394879
13697565
12312807
13687345
13417442
10597277
6555745
10704982
9380531
6093462
18342028
14130046
10070157
15827072
12763831
13219430
6740596
8311581
11615162
5886052
5950975
5627350
6184187
12952609
13319813
16852047
8714520
13004379
14038334
10734002
12967750
9741435
3461846
3981537
3843615
11617372
6438393
2173758
8370259
15617831
6886639
10587455
9404091
5915666
12226308
13946984
10828547
5275653
12538205
12862399
3653165
11319021
5887921
3328637
8447395
15949655
10782246
6314225
17474100
11251844
15311878
3904061
11764702
13921880
15741925
14829686
9500658
13312669
14998254
9711730
3007975
15062981
9238777
6151385
7440115
18344952
9783797
17131213
12975900
9427592
13184444
10317455
11901952
18023972
10583060
9219623
16828816
15859368
18440867
10298364
13912799
10546631
11579657
9934196
2958350
12836480
10720877
8065317
9032663
2643849
11123498
9831559
5545353
5629962
12761351
11339262
7919972
6739240
13122420
14429709
11737278
9547442
6915820
4561491
14613742
7012300
3748253
9877622
9376588
9886070
8889075
9583069
7509577
6512449
9804556
10262892
11282718
2114158
8423999
15018034
7947119
13666742
8988463
10795931
8291818
653248
15882392
16897445
8805221
1508049
3809732
9058875
16312792
9122173
11289318
15003617
18078722
8695859
6856289
7590791
12090191
5449394
9268242
7749659
9290611
11616001
9842621
8982239
9042520
11160382
6157009
8300032
10016039
10537271
7172802
12720081
12911526
10305108
5482880
15127636
14407658
15309377
10502683
8193094
11873436
7499574
15883304
4474413
7614335
9665967
5425613
16298288
8990102
16926077
10993881
6637312
9744409
3113607
17577224
6457805
6419187
12378540
15249684
10280589
12234042
18601685
5381927
15122910
4185739
7456231
7976875
15651227
8073412
10641978
5918510
16147883
11037506
12208566
16801412
17720458
14913163
9589884
6913425
10546754
14565120
12320496
9184182
17409415
5757318
7740148
7268503
4741588
14558347
12059934
17492113
11870563
10366438
7044143
15654928
11569859
8814158
1889227
10934896
1206327
7433604
14277250
1810918
14285461
9903216
6371741
10822379
10118831
4829042
4987231
7121480
10755244
10660971
6606633
7726172
2030339
7005680
15853977
13982861
17748065
4278512
7082845
7137681
12615770
17973119
5882217
11288982
10925461
6906541
12258276
11603725
8871246
13695032
11722060
12141157
4673627
18024489
9910241
8401956
5616110
4577159
4848831
4363392
16980460
7320778
11168418
12776712
10041566
3401602
12245793
5550711
5690971
7114723
3801162
14504658
12727173
12302535
17193357
13369141
12446506
11257733
14641807
10260815
8705333
3003347
11244404
8055028
10517018
8563363
5814885
11641291
11259161
1942920
6645041
10915550
5490170
8271023
15749617
8853774
3865964
8663868
8363011
17402417
11129987
706288
12733864
13142619
10674129
16746327
8968046
18063067
9786261
1346285
5541296
6857962
8809161
15970697
9879184
8271256
12491025
17996171
12551425
10655844
12667340
13930500
14093435
15132319
8516464
9487175
13768543
5929422
6283102
9461237
11256199
13118539
8880532
15752042
9466204
13989803
15232959
14241844
16639798
10736557
7111974
9875703
11645781
2498561
8449167
9836636
14353551
14026850
6408956
7982370
13689591
15520407
17629446
9828356
19009334
1520268
14114815
13354945
5896809
11229905
6136855
11099313
12798630
10770334
8232312
3077145
12131994
8471821
9440445
8180188
11648911
6505118
4283384
14449968
8193258
4318095
8039471
6157696
8944479
6273164
6992906
4975839
5630279
13296523
7588178
1269109
14596506
8234350
5589799
9381705
9519739
13187786
7427906
6611402
3389044
11897167
13034373
15840708
10997672
10158336
5856459
19004833
12037246
11460886
5413027
13509452
12070751
9046486
15556190
9093829
13954841
15219652
9502409
18631397
12236693
13217146
8613711
13078725
9111895
11870235
9123489
9941473
11085878
12402156
7775076
6435565
9044133
13621771
11803805
5356569
7544654
18645355
6561129
9365018
6999123
12900869
9973157
7066205
13229364
10449350
10313008
16252292
12448563
17050567
13170804
12572817
10403286
18110983
7212066
11760361
6444806
7522622
14975674
12927952
4463704
4752275
15476637
9019485
18429183
11948133
12366629
9927246
15807379
7691564
8925284
4801315
6720452
8297767
4262460
9387233
11090597
9916874
2439259
13825265
1517082
13915053
10407085
9059189
12078069
17623560
11620246
11858773
4149831
9704089
7181690
3596398
11358421
8426961
6131920
5214370
9208338
18433593
8276169
8355033
4929971
1577698
6331440
6719209
16585116
11030643
1889762
10071842
14765940
16634833
11103610
16344623
2991499
7323764
12337650
8398767
15590495
9182355
8763446
8479090
1186841
14976592
6563428
11842037
9546185
15938597
10528126
16348976
7281623
14943859
16576212
7140105
1965468
13898356
14456714
9562999
7835607
13660171
8481240
6902359
12302820
3282674
12270367
8111285
16150160
9006586
10355875
14058419
9761935
3820890
6598799
14292483
3087446
7420966
10092635
11240449
7968210
13123416
15460857
11737290
7368109
11381290
7501838
1811519
14559682
4503240
7292670
11612747
13235328
14386730
11725442
14781502
12628791
9854455
9066047
12100592
12259631
10789552
4043994
10386431
12783797
3966012
11911520
16540525
14741548
9641613
17407034
11530689
14798310
6987483
8057769
13800085
6346451
11882060
6738695
8364732
10372923
12152727
5976450
13511246
17651565
4270436
8100879
15740596
4007669
8755908
9554300
8278568
14689287
1836207
17358279
9715090
6041146
9167140
6969348
18173544
1791116
4524344
13232101
18431967
11753279
8648526
13208907
10977048
10158304
8500668
2606551
9152022
18232489
4275207
17991267
16511391
1967516
12171184
10441505
6857105
14044462
4007691
9770229
10479675
5044010
15000007
5484783
18252863
10466688
8215251
16378538
15536678
7853803
7613478
10954651
8837015
12575857
18727030
9420145
8684661
18343272
8354353
11942827
9004405
11786158
6030565
8599193
9927446
3347931
10069035
17160236
7497179
14933296
11985666
7222352
7397409
7709330
10121154
12760428
9625568
12891669
19377498
16187779
11434879
8148141
14736447
8282699
14775161
15751167
2604881
9997500
7889757
12029000
12248327
10296170
18243360
4771430
13568614
6356881
15970976
13020926
5794807
2141739
5072182
17529538
5255899
9119403
8466826
12671049
9868194
6324276
7541188
15383695
9239359
10376821
6548561
5384939
9560252
9384597
14534327
8827567
8510495
9541025
10535729
12763229
11837469
8741077
5009638
14093143
12243351
11254824
17980580
8261266
9181642
4508102
12881630
8446613
10606802
9644909
9625826
16780659
13626158
10877670
3122009
16577588
1752455
5140642
9047774
12629143
3013743
8588092
6506106
8739330
10442645
9830098
12143222
8373561
8914934
10267461
9373654
9219914
5333112
10636475
12092127
3396905
7313261
7506362
4211515
6256181
7000966
11580313
16220500
17058811
14596659
2425980
4472451
10082709
17162231
6305194
10210081
4896412
15026105
12049503
14364594
12717337
13553985
15706223
1319794
9145487
2920044
9927272
7878868
12933670
10694129
18058459
10460284
8743544
6491333
17250603
6367644
11417619
10612335
7620163
10106160
6254515
6920643
8722788
6531363
10890495
2596184
1121473
4405135
8695209
5895945
10160994
5873815
13821860
9073579
15110623
10598550
4040314
5710798
6032705
1269213
10478691
5002254
14238184
14099470
12312234
4839328
10782175
6862297
10292875
8267254
2905489
9190496
4599342
11809111
15515105
10761206
7430324
15006544
8657676
7298764
8628623
6457340
9831595
2812671
9475437
10859499
5481759
15232239
2985485
2926301
6988941
10658516
2416991
9405946
9860755
2747485
10389975
5659688
7740144
15775180
8181422
14660962
146730
3391580
11109078
8236197
8870610
11593430
18560353
14635601
11226136
9615207
6598656
15424002
7353121
8804593
17703356
15101869
9434818
6932737
17610101
13819347
7359067
14328080
11862620
8071879
15729471
7927103
11228312
4678610
3934757
8772191
6826971
11188958
12299519
7172718
13363779
14271380
10788603
5512158
6914433
14623154
5516448
4476483
7467942
11673173
12491081
7657624
11855924
13241184
16851468
11158394
6980329
9517264
18720314
17674858
8037180
1561638
9797063
11148483
16573870
5887722
11358206
10048170
8714973
11153885
13961617
14362299
4779397
6528415
13634149
11126765
3802912
9679049
5995523
13268296
2510002
12547573
15752368
9960546
12322342
7687332
7045863
9547555
8552580
12828604
12871078
9093875
16022537
7098493
10018146
5343703
6975539
6955565
8580254
9236260
6868177
10356256
7719794
7466295
10896839
13818337
16850512
5875286
13015226
15129693
6333890
14483253
9557758
850220
12494159
13419275
1840791
4354543
10006756
11666693
7322080
12914184
5000691
16515708
11136151
8804917
10575634
5716506
10409448
13876340
4932485
15139961
8166031
15120783
11866766
9685115
4577498
12041778
7312822
11664908
11725535
5918116
2547513
11680101
15023597
7398781
9481774
15020354
1964179
4493084
3206309
15477714
11158739
6726035
10214925
13811136
10831811
11668408
10605755
12574854
13335745
12188020
3868802
5295466
17650731
16634350
16669552
9884822
11117867
7805581
13477318
8115474
8887717
13684236
17904898
13180207
15795489
4359824
11213308
10624143
11690973
13200841
18591011
9555671
4923576
8016960
9872942
18032925
2907081
8638934
15100909
8403710
18209830
7368596
12662632
15176432
17566872
9404239
1088112
7727507
8922880
2935008
9413982
8032205
13271006
6562413
9332995
9037294
3265732
2724741
8175279
13902903
9632415
9438580
17010692
9373908
15462300
17743848
13463537
13214357
16517835
15086014
11061651
3570797
10604488
12171269
5224485
9291724
9003813
5678021
9160747
6101244
11571053
9500303
15058257
9525353
12385812
8288267
18421252
9413090
8881022
10315253
5694199
4627799
6654905
10762788
11037785
3412986
7932183
9719963
14127372
9811161
7616907
11837196
15437191
10410002
14545503
9753962
5913677
6565108
11063757
10196776
14032607
17693649
4226225
9969169
8162895
9817006
11440739
9082595
3016876
9216311
6297310
9572551
9951610
12724662
9050849
10717479
17280371
17082978
6924250
12254870
13614986
13319257
10126051
11158511
13325705
15979871
5254605
2443881
7769851
8377910
11974793
8741228
6124937
5495638
15531046
9122170
18110922
17029123
9784796
10891957
1106646
5314846
7975919
4792181
3002377
14131498
8271897
10004840
8314175
14021891
11046341
7298466
9727542
6288492
5995626
10289950
4527881
4475402
5880269
17108026
11548277
6296949
6939980
6554248
15559966
12776190
11322237
1934313
13523114
2738125
14940933
12110087
13571959
10568334
11365643
12246945
15524841
11912214
5319505
6165319
9821307
11412104
3044127
15426865
12245655
11732629
16853528
3700876
4061310
8941337
5902516
11968521
5936929
9755024
4409380
12877984
2367615
16598257
2631299
12017429
18291097
9598644
10125441
11540621
11838633
3410906
11976243
10330349
16061616
17567114
6998185
9651441
6951874
11818968
8786004
13647541
9657448
14974876
6774115
1507560
11886101
8686529
12629403
3083161
16986306
8544121
7642546
14005331
18981433
11167386
10625491
10954859
2901811
9825292
18330837
14220738
11263137
17195585
4937262
11394737
17175932
11284810
11972950
10783364
14903119
15923202
13750664
5860100
4610806
12113891
7812959
6794722
8174869
2443706
14269940
15424559
13917238
14050621
15573556
8999122
10026607
7663194
12772739
12437091
11838248
11800714
2964778
6653923
9273551
8811135
8235072
13482534
16990536
19232249
367907
19397531
15867975
10897284
9597706
16088506
6516570
6506527
17149837
14439916
9957232
3714772
2078351
13457283
10144956
7723874
17667866
14644382
7187555
10161996
13789413
10173836
5588636
12207764
9862492
16301582
12509874
7043812
9953392
15522664
11361540
9049220
4673630
7077406
12523528
8673154
9392783
13094185
10954777
16545168
5360914
8185657
12477367
8844323
10581457
11214537
10044261
13730759
10496416
13146884
8628038
14681543
14341768
14336747
6629658
14487280
11070999
13573979
9016856
7761692
6433917
10312762
11893300
10728120
4035913
6388176
15926483
4494668
12102295
7562170
6897160
12785500
7287304
16796200
10930397
4242361
13589700
7878153
16797674
12488477
8139277
13497064
8602512
9788115
11492014
14091563
16410731
9306430
7459726
13247116
11212444
16196625
9071622
11190394
10449786
9516408
7594843
8735499
6708436
5184356
9356631
3572705
10963718
6708119
14288514
12374699
7703261
10346724
7014539
9533186
10254420
4970285
8346997
12275867
11036034
5582455
7914183
4481277
10735824
13719296
11162545
5031473
13973819
9332639
15367377
9351059
10315704
3902784
7356181
16776239
14840414
14765497
9481797
17084571
7637194
10175280
9290895
4622476
11660963
13610878
8284013
12064040
11836084
10376686
9091561
14051496
4193023
14672104
15851645
4934489
11357041
4939239
8380373
10169851
8944599
13078432
4185164
10679926
5201429
10088207
4512310
15057662
15546088
15231605
12679903
6755523
13806975
6555229
9587138
9142770
10439196
10643059
11718229
9153779
4905799
1993098
11942192
16132109
9020605
5334649
4311335
5820441
15940984
8495541
11793297
14951682
8337879
12507612
10561856
5552615
10365424
15420265
8869813
10494349
7164731
10565074
3408858
8896085
8345679
7708593
5401487
10671695
17046962
7591863
6625758
7508776
12402195
3765559
8142498
1668185
11432090
11469668
17733183
10385751
12121522
4714422
4619110
4050845
7745473
5510387
11377515
12647941
3214552
6073036
12234169
14712170
11714970
11144905
16120105
3789200
10920986
7233430
11954472
13422476
2130357
10125399
15945864
9990236
13416031
9967238
12209246
13434024
8872717
6390824
11846286
10733889
11315611
9053292
13253546
11157320
10847281
5540183
7180391
7545403
8546227
9731136
4237368
7779812
13202140
10975985
16845702
10564491
10853438
6507902
4580549
10436221
7705850
7292235
5784226
15663970
9730155
6667461
6831901
15931163
2995403
5223719
8742676
14289642
10179408
4568195
4870231
17155490
10514579
13379154
13482924
18595367
7393974
12851265
4182491
9815816
17464461
16771779
14265740
10973131
8637627
7507193
6346250
18095873
3719276
7584902
8476204
7119748
17183272
7605297
9041828
16216025
7997814
11656867
9085476
16310422
13460615
11931392
6283845
3807808
12620899
12548077
4743060
14698446
6045781
12791957
9830545
5360535
955649
17714808
9407230
4040894
4398408
3503424
13027585
4727581
8003026
8345141
5242004
12511901
9533290
8902500
9784344
10083837
5808980
4965945
8365129
6504990
11069470
9849865
7936664
10719573
15378908
7001095
13050221
11436337
8968362
10467662
6359098
10308671
3886628
6371185
12055715
4760119
5441462
11967999
9589487
9942334
11313249
14782222
13429338
11726535
5288602
8139672
5423603
7985545
13133978
6075389
12426967
16319333
6546879
9646688
7327434
7284826
17283621
10560721
9796676
12402978
2307650
16040728
6719136
4173177
11584451
7804830
11281027
2554723
4733527
10767738
10954046
15076139
11152582
13789070
10986355
10898677
13083858
7985030
13424025
14918215
13256827
10626160
6763700
14011619
13243469
9229994
7415856
5879249
15489501
16925094
6982342
4727787
4408797
5568458
12741168
7699079
2012074
9485878
5845475
19190192
10421482
6364461
13534002
11619573
13490309
13651343
13433881
12112742
17249073
10223142
12982810
10400019
16077464
11129788
14200801
9536455
12549671
8494914
8823347
17070445
8949850
16581491
8150910
11109401
5707887
11430397
12140340
13071135
15272248
5648619
12051271
8620763
12715825
5481398
5121118
3311570
8621475
7667967
13334688
9615770
2104359
12992463
1727150
8841671
12492120
9162345
10905744
6435108
4380969
17345754
12004523
10182409
8600811
8965920
6615356
2970930
9852193
5016371
4886501
6082464
15886118
9193543
11450648
17612154
11058717
16747737
15244173
4409603
10945968
3913930
7153845
8042498
10136402
9064019
6829911
14041578
16978522
16780837
10072183
8760765
12915074
16583764
9781253
10737010
10108247
8180609
7114867
16287510
9637577
9753989
3908438
533178
12911297
11529327
5933156
5012620
2634894
14079511
8631942
11426732
15784372
8499215
5429798
6975430
10009910
6782784
14429026
12130697
5102219
1520725
4933664
15885414
4867480
2202522
11012074
9629705
6305036
7931387
11831684
11663356
18519700
14697449
15538783
11872132
18146062
13243591
3434889
8231288
3237417
8868737
5815534
18529804
9061278
18677950
18251506
9187530
8277422
7415966
6264255
6101360
10885144
14337464
17166805
7133897
10662315
11309026
10249980
12758047
10752781
9171852
4642429
7277308
9293992
820875
7866715
13046395
3105294
9625160
5177735
9687067
12193622
15010998
11674093
9459311
11396774
17755981
12127405
9479746
10681647
19330999
13818858
13476182
11818267
14887207
3166041
9720116
14412717
5423712
15854890
6571526
8979908
2283752
10694724
7292439
8920272
9368647
13392728
3430756
9725855
5538658
14425380
6785437
11491054
5655408
12422297
1317371
17287916
10286155
16819636
14395456
4814341
12212864
4935781
13368390
9828092
4165302
13444532
6034633
5209243
9896887
15884454
4394308
5937543
7019781
6033031
9437689
8875924
14736496
4840984
14121018
4602806
14095990
6626822
9645268
14486366
8219093
13764679
13535974
4844525
4653919
15671917
8779401
12191284
11971319
11499447
3691719
8810668
6939940
7151953
15467557
10875468
2022790
7427816
6209784
4242552
9468824
1248671
11262233
13565756
11502038
5778667
4575948
14458688
17323191
10953704
10124797
19044887
14705438
13843265
10392745
13087807
11574795
13276241
5617683
14741330
15181344
12730057
16857630
12897878
6069329
13402387
12523019
12652590
14318112
11546765
9976091
9956745
5935661
4363393
10933053
4751464
8909309
12031656
8453695
10214522
10387765
12335626
6474732
18130401
9724808
11850905
5775135
12021192
9623094
8481530
6978160
8029109
8656741
14158835
10608450
8120298
10227768
8851813
9651157
11811735
9013813
6142761
10409871
6507967
10491816
8510328
12266737
5703199
17611765
5623525
16962420
10469254
10960427
10326604
10214243
7720260
10140588
19233628
1655411
3250900
6946441
14224011
7672396
6662730
10453213
11757177
9453085
9329591
14034602
9025789
3527808
9533042
2706366
10195071
17650854
6887730
1300098
7348134
11144897
12033000
9457693
11479840
5845599
14427115
9443346
13520239
17234200
12735106
4893212
10294554
7420894
17347292
8867356
17895506
5644185
7314106
8886691
13890429
13016542
14248959
10779877
7918163
14118415
7945138
15219977
9268354
8029325
6068377
10897936
17300913
11150553
6263191
10597199
10032492
9385478
8397499
11372864
9169779
4946917
9833046
9362383
10458529
5236250
9096896
15455452
11401734
10248254
11638664
11899804
17063654
11171851
15934477
5516784
15068766
2354756
6446388
4690384
5818377
12349331
14158427
10162588
2884488
2996507
15675308
17574383
13133896
6458467
13599470
3336968
13008605
9372617
8168934
7103189
12766360
14389093
16108549
16689041
11042406
9482516
17175561
4339359
10503964
14550614
12272887
8432020
6231144
10877672
13330570
8083347
19339758
18273698
16916694
5498896
4570014
157696
7864753
7355981
5523367
10535956
9947635
11652644
13494172
4037591
11365534
5515626
12925409
15931158
11775752
13914589
6629878
2974422
10053125
7689109
9930862
10160489
8513897
7857153
4173788
14049443
8390086
13983154
10497777
13836552
14679494
18532715
6193862
7620442
15948955
14705220
11137778
7291712
4546253
14213864
13415119
17472609
12020691
4034001
11408306
10568833
5228196
13609056
5145568
14133192
8869202
5800380
10110744
2105600
12505866
12683461
11379860
9852650
13636250
9412307
8376246
8847160
9898394
16082902
3209382
4420899
16888339
16426375
14904148
19272701
2881566
9235489
5424975
14477353
12708620
6920737
15920639
3569365
8641041
6602356
11479528
9656865
17007834
5593472
6084506
13882712
6051781
16467787
17987598
15112844
7343262
5546153
6846766
6681296
13823927
16943334
13096332
11336745
6379051
12837802
12818851
11579534
12134654
16228314
12476251
754875
9828005
14525649
5504403
15735145
13577881
6495681
10184815
5831365
13024847
1590044
6972987
15249330
14812774
17980316
11889161
15785789
15656969
4293232
9597515
9405948
3255966
8735298
8412288
14150220
12226944
4008432
11675345
4826681
14395616
12490671
6004756
9789562
5710415
10917744
4829383
7757842
17045721
13699931
16362152
16203987
12996346
11805515
5500263
11863248
13771787
11755236
12996954
6596352
13976266
1659905
1793633
6213915
13349714
13487662
15525435
13621873
9763693
4125379
11529582
9009614
3430784
11802475
12015572
13466727
9189686
15520389
6440567
9760104
15934765
13975076
4362186
14306438
8946758
19098818
9074186
5827599
15136814
2920854
12459049
8776393
10391013
13984421
6952784
18069944
9045037
7352181
11487359
9743313
13508430
7636312
6305287
9673867
7469102
14939535
1654924
14418571
5207424
10694021
11073512
11261979
5212154
8907557
6847066
13287945
5280619
9094316
4612616
8328726
3665680
4905164
3724660
7845540
10309142
5437764
5596105
9660106
13111378
7801091
2184894
11048413
6062092
7322167
9504074
5108832
11726535
16880682
9284017
10890044
13150680
7045885
17665569
7027455
4662774
14705701
7772258
12117174
9759938
2802700
6659344
3150540
6866522
9210352
7590774
9613702
4561636
11368505
844042
3428252
3284919
15211234
12409524
8440680
6623761
19034403
2765729
10514647
5709165
12810522
11327572
6569096
12645399
10084451
9878015
829991
18285456
8227741
15101602
13672924
8680494
15399202
5054462
5242516
11079145
7199171
6213438
6671971
16845681
8686821
9433100
11557647
8269908
11335063
4732208
7186038
12933209
3118487
5161982
3990614
17398467
3878241
7915248
13808970
3397657
12224537
4234156
7942343
3508770
6817313
11000196
10828334
10710228
6243769
14741256
7377559
7390395
6383139
12014908
17220692
16454271
11253207
9063054
6580789
6152439
8586083
7020034
10977786
9582908
16692471
17160030
8509758
11409012
10537717
3876458
9727748
15521621
8152713
3970372
11955795
3440822
10659763
9750786
13097324
13552835
13553357
12750948
11138720
7624667
11159000
4394309
12332828
10618828
15472766
7688719
13856299
3206849
14688778
10230402
9623289
13227418
1603261
11094205
7681830
14234776
12066863
12787805
7324881
4081012
17429427
16151683
8518439
9680499
16117775
6557901
16907548
6035831
1934998
7985288
16155500
4163403
14143041
6642695
6815660
12298066
15628887
11500579
15198326
4876997
11230284
3475791
9371396
12334311
18209993
17839657
13448039
9198381
6525283
12963619
9751055
7745972
5439532
12296864
12192624
14885492
11965600
11807370
10635788
2075081
4322566
9936141
13781253
8624837
15117329
18736144
13913109
8873622
12812230
18657576
10380326
14218261
17901155
17215813
4417621
5081544
6052671
1900778
10852350
6549190
9466335
7961360
17367499
1295536
7312591
11012777
15748135
14856213
3368912
13467210
6500555
12861396
7685298
12382072
9072737
10541211
15879881
7499061
6214481
8955298
13572768
5768404
9724148
10575838
10260055
8570396
7066790
12031365
10123839
7658739
10833500
15586181
15488068
5579347
6390039
7974338
14486000
8316810
10329604
2574699
8843851
5821179
15326097
17366312
11261316
13367849
11222843
10214239
11065121
1789503
11310229
4710961
11267229
5948178
15203885
13219412
7123386
15592564
8187087
5731884
8702449
6914491
16290179
8795108
15073642
13670356
14040693
6378652
13145144
12723494
14100423
1755377
17819569
4456594
11042498
6200810
4224221
11566807
19336484
18399815
16715431
13358377
8713496
10130379
8301819
14074997
9414666
7232088
10568210
4960641
9411008
8947327
19130099
1208358
4974409
12564845
9527678
11229974
13946504
11082315
11900046
15973907
12637611
9516910
1872189
12041514
7410964
12354990
5725417
9213781
1374660
16805185
15507913
11936126
8655539
13579050
6405830
9813841
16800660
14382988
5551156
14453451
7461121
8162999
14925530
13694340
19669546
6971109
6690099
16964932
17230938
16532789
9196348
7675344
2701491
13460567
15833574
10093321
10962496
17551432
6700201
10911043
12573172
5153961
7746215
13099953
7152377
12411547
10619768
12371388
12711068
10197127
9347335
5919723
10003787
5008157
11393642
9906693
7246385
7596820
9108207
11646215
18453161
10857888
7680782
5944260
5152728
12107491
13870586
3195316
12077898
9306625
6975331
7974964
7850136
8998501
3307406
12028736
12455548
10012990
11101188
6137723
11595415
2981640
8274350
2752273
5039004
3993902
7167840
3358994
12004246
13739787
9646291
8546639
6805389
10330010
8083643
6207151
15848813
16853531
13082044
10832411
7734303
16096157
16069979
6869352
14189667
17752527
6638803
15055623
15328568
4036283
8992428
8504094
10290448
13322005
2527964
9828942
14608842
13773678
12789030
9504458
8828028
17490481
9615136
16445956
19377311
9247892
7945970
3200115
12581976
6703671
7293549
9283187
2870879
15301214
7009545
3947845
11793666
17403951
13138447
8544735
597820
18038181
8717680
9356390
6807403
8600491
7272913
7440495
10512762
11343704
14243292
12502756
12433054
13239142
7990241
12855733
18360704
5094716
6550683
11545993
11994747
4908833
9441717
6886015
12813936
5616908
9099578
5072603
10559954
8063589
16833590
11489120
9304529
10563645
5300237
17847343
15254783
10733600
9712299
11110337
16410826
5902066
7803023
12482823
9747453
4732258
4401584
13987132
7779425
9461163
15880799
7133848
8825439
17569379
14335440
8059594
6561637
9691509
4004730
11586448
6065513
7039219
5815140
8903069
10105067
15143810
14544596
8878984
10216015
15341371
5026049
8190419
6375885
15515108
4082089
14868146
7426342
17723698
10302037
13574551
15907728
8196374
7737114
1953594
8321999
11204761
6200725
10449846
11834775
10979409
7379497
4609737
3238734
7563992
7454610
14847419
14879687
5538346
11312580
3101158
16307550
8304859
11794444
4230622
12497180
8118959
9612860
8313997
8341095
10439755
9068202
9403531
13546670
10442133
13265719
8371252
11318616
7650557
13330957
14552326
1094887
9907830
9360976
10751876
16209119
9335253
7651075
6807962
13606522
10392996
4173821
12620570
8286090
14143760
7318447
10986606
4405437
7023090
952779
16445319
1867997
15644736
14021012
8948481
13834715
5079078
8462463
13130471
13161088
2940580
11631612
19017696
12138215
14328237
3889760
9903632
12543107
9098200
5965861
16365964
10509147
6667129
13168376
15650823
8383426
11355271
12513901
17502648
10798558
16820541
9356076
12148580
10750023
11801540
11755196
9663855
9404605
8944949
17196841
8526642
11566163
8750727
18163703
10595001
11110561
3568469
13507937
11338986
2011421
12163923
8093473
6506355
16968733
3677756
18450668
10259827
9966980
10633612
8527266
17970576
2146389
10669657
12067709
11138414
4765211
5880077
4214101
10089074
1719651
5376810
14578477
10976255
4684813
5970328
13948215
9146891
12642990
3402630
7440903
13791102
7819406
9594292
6474905
4613965
8085551
11784534
12896590
16107590
17235168
11173989
11668349
5073662
12258101
5440825
8609481
10265682
5108397
1520445
8050104
13136788
16193244
14360549
11378481
14648661
11987346
14251271
15684860
18231246
15987451
12400019
11482780
3314074
10197573
14832832
3288161
3362590
16748864
13828756
11208548
13515250
11173597
12984206
10079759
17684741
6072671
12728200
17069043
16482841
7577264
16447396
16728599
11729034
9694196
13196977
14023928
10739153
16247375
13327070
15621526
16030150
12714182
1563190
17608058
7124315
8247063
6909537
8482224
13331324
11541302
5587334
16725942
8739621
11055986
8065878
12848306
16146263
16062922
7291609
4600813
9333625
8551804
5803982
13993976
6387830
4201896
11075955
12879240
4992657
18758854
19381078
11985156
11925131
12575632
6655807
15165414
12084729
14192635
11003209
9421356
2280535
13076930
15072822
16247799
16157763
3337628
12450132
10824535
2731879
7364452
10954058
5500727
15722543
5589916
11989542
10310162
7967671
6029963
11151719
6552377
6950837
2683094
9980382
10735127
11156087
11774730
4425568
14388536
9796949
5269215
6002703
8253399
10831811
11570863
11687853
2682995
15104064
7913456
8536441
18022935
8366450
8300263
19040213
3961326
11057567
11192032
8908042
4472047
15717055
15160350
15104151
12710835
3679846
8644601
14073633
12020856
7517152
13217275
14549991
13612707
10438459
10351919
10711302
11309366
18031863
10277197
14848132
15130828
3661807
14252767
11774247
8031465
2574713
9607083
10769108
11518474
1091993
6268750
7995430
9442518
11045196
16134371
6247207
10111148
9290832
11153645
17210053
11110902
8523232
11298829
6512085
15026442
11109901
9613300
10867637
7371110
8703469
10357880
17827426
11144116
11644828
6269354
13607939
8856822
14349725
4226049
13759756
4218947
11557134
8637828
15137263
10312561
6427956
12458360
8661013
15944631
4247124
10453370
14535035
8073996
14169208
10554187
7839125
10178026
8872367
10568205
4919256
14911288
9552564
6809272
11772256
8552808
10230199
15105576
1377073
3072080
17102397
1946075
11290526
6193175
16724128
7828800
17102185
9170489
13939415
5892807
7775058
9540788
13206712
5086794
14935147
13200423
12052482
8727679
4949971
13456845
6730660
7138071
13971351
7327557
18395290
6397327
2416695
9544973
13236350
14314565
5286368
5263163
12034193
13463332
5446592
8916471
9058528
3375185
2660052
16249237
11211952
5899728
18101387
8532200
5409891
9228750
10130030
7653273
11080089
12933919
8449287
10639805
7653451
6889529
17028920
9949099
3137194
9373108
10608013
8087595
9182429
14474007
12212377
9053263
6277578
12376887
17422031
6636708
9542137
10460771
7578454
4966201
6747207
4874361
10303558
4882575
9086291
7034930
7285703
1181976
14340444
11985848
8232088
9497230
10275415
14854355
8527695
11430467
10104640
11837512
16839932
15014015
3729674
17590960
7844288
7357551
17130781
15205726
16911004
5954531
7190624
13649899
16818648
11039072
9881879
17374050
6658435
17131460
18779852
16688869
12928400
16915217
2955991
10320561
12997818
7764701
11850345
16289824
14939334
5188492
15550682
7964261
7409448
8718274
12021780
10254918
2814546
8700145
4118854
11117655
8842330
10358224
17571696
11766584
11911323
15299719
5529141
6697923
7987473
2881450
13404969
5874103
9753894
14492037
14242195
15318749
2327974
17646672
13521243
5518308
14927749
7814341
6963789
10129592
3756495
14839238
10315666
16186940
13597802
16832378
9941245
6129189
14888953
10386063
10601756
8299042
4371055
2211767
2204584
12770710
7040661
4343006
10593753
9602122
8328390
6060060
12895361
16801569
13824232
8535764
5283107
13258897
11674768
5407545
12101242
1730307
7730099
10918186
10581519
9481882
9989279
13953189
16437765
9514635
7643550
10991731
934079
9893451
15725794
5662830
12293740
13409058
5636885
4146770
13057242
10933388
2243519
5290471
3174839
5183164
13032784
8853873
6245819
9356321
12515306
7359362
9396861
6661068
6479629
4262380
12400727
10822368
2619626
5572867
8532267
10249322
4179589
19765229
7719806
7309478
9131247
1074983
6252875
14224223
16494391
11328681
9814217
8186433
11442592
12404482
17815345
8296162
13996474
17081462
14907342
12877051
9477139
8198345
17591167
15580228
9364452
15918930
18205389
13150774
12200564
11960576
11242374
16059866
8389713
11187624
14675321
2788682
2625650
12763016
8725072
16213328
10082429
6491321
10921423
10751798
6237604
4466424
10256993
10029972
15817789
7564959
11180427
15048022
10298281
9258540
17085260
1089298
14798357
14967383
7462653
11583707
8771517
8314591
6520949
16871120
2723639
16200292
10234969
9595869
13348581
15851345
10400351
5572574
16652789
8976310
14940850
2963411
9032941
3759562
2770386
7323179
14374802
10225791
1636483
13163122
17627961
8061232
12169980
12888411
12393492
2642299
9661641
14101665
4309024
2576326
7274889
10778300
3140224
11874635
13191520
9365048
2550291
3123743
14959781
5268665
17466260
6851131
7243973
9909770
6023011
12513865
13171430
16781083
8598219
8271504
10798854
7498071
1897524
10764025
12849895
10060942
5153139
7050875
11233982
1336884
8222493
16005945
14986603
11917040
13702348
2305684
9700715
5429772
2404462
10047844
14258933
8426254
19357126
6628282
7938334
13378031
10752243
10621426
9541854
8044790
16672567
8134992
3413405
15974750
2505838
5881683
9247816
15546047
5664445
11965153
12249426
9851761
8315784
13832050
6666435
8332429
15682966
13662164
11207314
9753502
6738427
3313695
946111
1546668
4082919
11652846
13282158
10841669
10491122
9178368
7527415
7719157
11168242
12085659
9578104
15721208
7823713
9945628
4139407
7645723
12964505
7766514
15482773
6668285
12107834
16993277
13374353
8268587
4130519
10457638
7673310
12719077
17265486
4865828
8346326
4129530
10291711
17010419
17221683
16728515
11788197
15570361
13299086
9831555
10298878
10177217
12552333
15148502
15871231
7545725
9416736
4231598
12094199
17541898
4022098
7169181
8436645
10802812
12043059
12745580
10209500
9277913
11054135
12963897
12528154
8870249
6314470
8903072
7734093
17019348
5048905
12878348
3802167
9546819
12264966
15727118
14085286
12199806
18209358
14601686
18012125
9683840
7615085
11870365
15287248
13913596
12836241
15004407
7876897
8520090
13514969
11483924
11667089
8363012
13551635
10244362
3429888
6625988
9289831
14570563
8437857
10772121
6553806
13021327
18105959
13386857
5128064
16750163
12178285
8781362
3151888
11953367
11742968
13330329
7509068
2065002
15670640
3293939
13305981
12132161
4721403
8080281
6311319
16172509
10083985
11589820
3398231
11850209
2411293
15634891
8530376
10878497
10000775
15514250
10778781
15128431
4363745
1580165
14265165
8573174
6745116
15071770
11027795
15046596
6261204
12687338
11225547
8513390
17176202
7706256
10869450
10101464
10090260
6093568
16336528
12636401
10305958
7108799
1193239
15755279
5069937
15690058
9939576
9203509
9592396
9937624
14481699
10638316
14026528
4575895
15580641
5810488
9866757
12017459
4900014
8365295
5839361
8453567
5236870
16852526
12555899
9644882
7537404
9616093
12812210
8158696
10328359
12255450
9802118
17115402
5253768
11472213
5202914
11596402
15932225
9886474
16361791
18892150
10115877
7624971
5254643
7755552
11956177
18454316
15572645
13830485
13696713
7598962
11968721
10818625
9571626
13123064
2833037
9107797
12889735
5751074
5030583
4476265
12347332
11946055
6240320
16505152
8527198
17834458
7112267
10485530
8581070
10356010
4159029
13632971
6917678
5039536
5591103
8987866
9772695
10888257
14440157
8833193
17873227
6525154
12784775
11720736
6408308
11049784
2019068
13764706
6522773
11819237
7737365
11549173
5444741
10534095
11846142
9542478
6437487
3937457
15699002
11651574
16115940
11212067
10234600
4921713
13385703
10209687
12801710
14971580
13002299
13481562
11837976
11554777
14170355
13692316
11478009
2124226
16095736
12476162
12135802
13085755
9972107
11730137
8863062
14082568
10096800
8318613
7441394
14817812
3798018
13701737
1197548
11241272
16717738
5619057
11855389
8004504
6530561
11695117
11901845
14681239
13542277
18003136
7211571
11645931
18075930
6261077
6723434
9654307
5848099
2478830
10463715
12612998
13390970
12261307
12832973
12860063
12140838
8959284
16936720
11868880
3989580
15495797
7445400
6339909
6876269
9205440
5650116
8972689
12663570
10927536
3832437
11575453
14971937
16715756
8577797
9203684
16856235
7031499
5313121
6166904
11079109
7442718
10153447
11454023
12100126
10231182
11668211
17325408
7976358
12918091
9443010
12838190
3677735
4004194
11965216
15763791
5228957
10364093
11193095
12075096
9425597
7017674
8243623
2672918
11337110
8146898
14509796
12699362
8059531
8636818
13911824
9437174
12979917
3893202
12444563
8806373
17731395
12382338
4600549
12925988
11004232
8840095
11057250
14476010
11271365
12690089
8125980
11471330
7347805
8657972
2171090
7931735
16716102
5588861
12265415
5510507
11043923
8900744
11745564
5226750
10846613
13755178
5470962
14207311
10441092
4715736
16513870
5488173
4626901
16144659
12007928
3228664
5755591
6495647
10548267
3147589
6168981
12810267
16785387
10848094
3374875
3554726
10746214
16970418
9845685
18544725
5764067
13578276
10033675
18589422
6346210
12000728
10217943
6309054
9538115
9214078
13273105
1254879
9045158
2662964
9970116
2618532
4500959
2619879
5646576
16423593
3158068
12508855
7315754
6151495
9108001
11602071
8025624
17710611
12426697
8724551
12783367
9088640
9407377
15911503
7949934
5255949
11463752
6580011
6797853
14732800
8795863
7904228
5738197
17900403
7038977
14191485
12283244
8812286
4631433
13572473
6740755
8549782
6079333
7364285
4905951
9605316
16135793
3563959
7188119
9959585
7816301
12920848
13414812
9713287
10708545
12306762
4317845
7845257
3764100
14388258
12353352
12049974
3166167
10212285
12191431
6250432
16085380
12362273
8965580
4229272
10022020
7179980
9337256
6136728
10037583
3343428
11939598
3846179
12819779
14300181
8681577
5356653
10978738
12501446
4847136
13306950
14102486
6561947
12000725
16926418
8758589
13605519
13045837
5979873
11649782
6867502
14713052
12109119
13148282
5442844
11313423
8019074
16617183
5716506
1780358
6629750
10258621
9827058
6274313
13832773
11201114
3289616
12225286
547588
16388922
14357313
9348052
4723161
3210486
10773810
13160040
4294676
17823909
5119957
14328162
14953136
12502785
10983026
11838638
3655852
12828881
7990508
8157805
5694019
7984106
12845586
10636545
14708453
1217606
2273042
14495602
8848021
9740370
7838759
10950592
9902046
9536218
6218849
10032945
9612483
6126122
4069135
10785808
6946435
15631358
9505903
10205710
12058687
5792191
12584385
13332336
6420483
10997489
9178346
12591252
4999240
4488410
10549585
9762016
5384094
18325244
8917427
9793593
12338837
3732959
7107550
5953974
14833380
2300008
13939550
13662022
19375537
5283229
13507321
6296471
15574167
11594850
4260096
14570381
11365545
10715871
12302407
14158490
14709842
7281275
15361016
6043776
6601555
15350645
6095135
5831969
6629117
5989085
7301320
17217743
16322030
6099066
16745773
10238564
9220338
8949722
5196807
15393490
3797837
10572967
13113464
14354578
10504782
7868372
3498782
18128626
8929188
6938985
14076096
9873551
11588212
7447816
12269332
3169204
1321139
10795845
9749151
15078768
2620101
2429215
8220848
10539155
7461182
8347332
14067570
14700521
9530838
9471040
7865783
4284006
18270465
9863322
9686771
16608669
11552535
8725203
17272042
8031227
10877512
7227690
15205435
19435530
11687190
4549754
4554357
4911219
10158781
8221066
4830988
13958238
6376574
8174419
6844523
9501997
14404619
13148582
5402646
4185678
12899168
15354868
8638299
10684665
5582562
5874361
6668034
3005573
10866106
1091920
13035489
4494335
11763803
11629274
11110595
8499695
1208552
9939127
9864562
7778194
10544507
12414355
13787215
9824436
12119712
5114470
14971180
12559464
4990922
9297523
12289912
10833521
11052318
6774279
10657647
19114008
11973137
10393086
10481692
9875955
4632848
4911029
7899594
12879448
9734437
15912704
9473461
13540622
7476334
13981029
10205533
16090744
10222260
17485524
5071437
14886168
11176853
6697138
6884891
10473541
12333746
12282524
15396809
17039814
6109926
8708689
4508661
4475856
12471753
12832592
14741307
8138872
10063385
12885196
15428354
9427587
12045890
10199911
14078366
12832833
15685066
12885622
8441238
7512693
9064029
11759104
11260177
10942257
17377175
2785368
11759120
11944921
6874270
12367174
11653055
15795349
14177408
6326770
16061374
10862301
12393932
17261816
9411730
8021958
16074275
13654130
10750211
17696689
19078851
8262580
12163984
8260335
8418620
16197459
7416765
7516753
3994635
3046870
7669436
6423888
7005386
7126331
8964797
12772536
2719306
11316295
13745113
16213121
4357136
11910382
5778392
12082579
5286391
1198756
6412818
5591128
7646066
12885055
12846694
6244750
15782589
8742018
11847908
6451904
14540734
8700951
9147508
7151213
13151907
5895624
14327637
8531195
11434947
11760177
15214527
16221233
6475946
10136091
3894987
11126972
14161389
5119921
15394817
12626612
2035419
11070443
9856518
4969757
16435439
1970890
8470768
3861805
6805722
11037771
13212244
8554498
9432551
3530926
15318345
15790058
9178125
13567146
12573736
8592266
11235854
15194199
13986440
10298539
13034381
15401329
16793083
7917074
16198317
6619971
8314991
12379823
11330939
13032212
9455740
4251163
14517303
13073679
4227000
6628154
10226186
7576923
11701523
9983561
6631298
16864331
4610806
19076298
8055233
9939002
15808102
820584
12115403
13885540
6534458
14201146
19015809
8139557
13607066
14962950
11803653
5520417
5056445
10871073
8672097
6250420
10730199
16459344
1255309
14409017
12714451
12039848
4389658
14513021
4212576
10465855
14971723
15904175
12852062
7300506
7179651
11319248
16744913
9004486
3168074
3232213
14979160
7255604
9604312
11814156
8528874
10953909
7507330
8025939
12681812
8087762
16478079
7095337
16169536
7489950
5684158
2847772
14273261
4062329
14745116
9130299
7831338
16123787
9286371
11083524
2372727
14829414
9226671
15371719
15486609
13328035
13472389
13598762
14092729
7200961
9223313
9762747
6833573
11333612
8397035
14765066
4395191
12757439
8918886
6450692
7100740
13685210
12335729
10147990
5289189
12443081
14010546
3357806
12003570
15418008
11229060
15840933
7676615
10552238
5427198
9056146
16632675
13066706
2976262
5639185
8199172
5803359
12876620
9966632
11262900
6668769
9777955
8468985
5862459
9937546
10325586
1574092
18704615
9440283
18371296
3387490
11043813
5801791
9381203
10065436
9087020
13316989
9187460
8656726
5733597
14491432
6394026
7529795
12283523
10054648
10104868
10400408
18992694
11097548
16051591
13084958
5707269
9322060
17307135
8515723
12812695
12882887
6398742
7363044
2701714
13742832
10458965
4509229
14078019
10941772
12462458
11736805
10059951
11242581
12166150
16440743
10718184
10920883
17586707
11083998
9042502
12357953
18226731
12650932
10393019
5665784
7705577
9247921
5112036
11212138
8715072
9311313
12800132
725170
10950797
10568106
4654095
8374830
5952735
11804134
9617175
11402020
7039726
9102230
5411524
2415501
3878044
8514470
16696730
9432984
11319790
3067170
13996023
14320202
15915386
16876135
13460842
3692565
8827373
8468152
5539915
16555621
9862752
12197015
5674755
7500146
11827914
13220656
14859379
10432514
10141292
10914408
16658762
9524528
13798927
2606524
9701834
15268376
4964479
7797733
12647233
12601187
12401598
7638754
12051510
9492906
5016666
7737447
17195538
18704007
3811361
12298960
10832483
14465261
10317500
13334707
6354731
6035513
13373876
13722145
12151283
8268084
19030140
12898898
11735480
7169311
11391672
7437038
2826126
6008154
16394851
17421127
12351563
13953049
9682102
9070951
17810221
9172135
10255221
4210024
11302054
12679825
12811145
8295030
5048060
6604251
7013340
4167841
10931190
11051514
15519461
8662629
11455831
5064203
13338001
17701653
14091856
9770082
14238739
11966869
1123464
8029698
10825525
9348174
4478594
13814815
19862340
12014529
10183547
15941658
13445822
6506081
2689744
9382450
11668736
7304022
13687207
14940773
8504655
5289179
5863519
3054505
12028564
7917785
13953131
3485329
6577847
10911677
11850046
5279872
4939900
10835148
8433641
9345490
16003417
7095067
9534698
9116490
11784224
6707424
7409138
10365890
13862922
1822819
4918881
12627918
17602029
5459073
13252507
19409489
3676622
8117156
16375853
7010937
8318208
5450900
11809965
18413303
9411197
1990099
10640636
7988556
5238120
12489987
6830559
8430118
10064180
15061303
4108765
9931007
10609266
6338545
16578047
9422887
19100328
14547360
14929053
11923981
5446660
5435246
9364749
4568217
12957939
10909850
12345330
14871422
11806112
9579981
19639733
9800184
7010119
10006597
4287759
1915945
11463837
8977025
16869290
10020142
11728260
11545423
4616214
8510060
8712369
7289936
11325992
4757784
11802567
12004251
14799667
17984651
10346079
11270169
8172565
7832673
13864958
15861385
13710182
9758045
9379018
14909829
7079150
10576811
12090666
12153214
11941223
6942228
3886529
7002045
4346280
9036597
8510719
6109160
2973313
3850659
10133318
4525762
12479358
8895003
16661293
6429234
9523872
17808270
9585732
3659721
8401698
8100720
8457566
6088817
10178259
13788726
13980301
8046130
10634236
13369936
14334677
11051361
5729121
8072563
6347185
17868541
12476672
6436335
4087351
10157865
8404746
3905804
11801461
10949245
9527259
6447274
6860020
12071847
13697964
13588141
7568310
12851373
14182891
10579048
15387386
13220751
4923731
12653805
3419182
9293648
11362188
8416553
14781345
5831985
9550245
11911800
5352176
13239652
8217219
9382892
12347199
9603954
14469271
10359094
7807494
4572812
9094440
12954338
5892517
14458172
13398367
14619536
13627680
7112564
1332558
9727510
7360398
10890328
7579184
8592624
10831434
220776
6572058
10925022
18388817
2292430
2667155
670024
9898412
14146684
10098254
2439627
14807557
384865
10044837
5722302
10032040
3189390
16268547
16544546
14637862
17754375
4258313
10906851
14541113
16838399
7212494
10618795
10363448
10678064
4636274
8939611
6816306
6692377
7679340
12012492
13309050
4370485
11981968
3881903
4938578
6519526
12480734
17075781
9829019
12765150
13601972
13111149
12916241
13394392
8511164
12001055
16234829
9164543
8857422
6766652
16492321
9222334
4156442
8255360
13941089
6577659
14103584
3427405
12790130
6148673
15019508
8865259
12688094
11148784
10880587
8910400
10412661
9369498
7892994
17898124
15299436
15289871
5597813
6660336
7664309
7609895
9097444
14802186
10462964
6918463
2323364
10957166
9910189
10479055
17213644
7013975
6716565
10284952
8314069
5869053
10077057
10707421
6337449
13188247
3337663
12676869
6937056
17253467
13523587
10366934
4422118
4572154
4204577
7614562
7113486
10420246
4990008
7650393
2717224
17874042
11727782
13312951
7928770
8744358
10855788
11709222
13368379
15866382
14515070
6070814
18724415
6357197
13793174
14435618
12423317
6294977
7027991
8146092
9383461
4923266
3284614
9919781
5664419
11603204
7680645
10353499
9313634
8303937
16528534
14284795
15523810
2805503
17204731
14569274
8577035
8422389
14787935
10510147
8951766
7591178
14226629
17186787
15662054
8732982
10788844
2544724
7828698
14832352
4450474
3773493
10083061
8486286
4224139
7748828
4086950
6707527
11259394
7505076
9122654
8598972
13750388
11930714
7618403
9037643
15808688
5572613
13023789
7884003
8691090
12518693
6543322
10532006
3296715
3951064
4310605
11830367
9783785
14919308
11515627
4365671
12643013
3061031
6280980
14622793
10132041
10289813
16146043
17279614
7278337
2679221
16402286
13107602
6170508
4334147
14810805
6451453
5977233
4644527
16768859
13770341
13738774
16249768
13913628
9007595
14140676
3165444
14712834
6347368
13078681
8414364
9112962
8738993
13581789
8403386
8768862
5746081
7898313
4105604
4950375
8003695
9733698
10119173
13740390
12609957
14793788
3644401
15986119
7425293
6052342
11814169
1249992
11749284
12774904
6060040
14192329
9063825
17224621
9229885
8576329
7207596
9350362
4849262
10023865
14198599
11197076
14403126
6684541
10045372
7881298
6563819
11496493
13453133
9972662
12742897
12526127
12427927
4396846
9504736
12038638
6243045
11627736
12234367
12406830
2143394
10052546
5773766
6215185
9751853
10422319
7417081
12294673
16300640
9501014
5599712
12422554
8794560
4998168
4701483
2325242
9370402
9494617
8344958
11478973
13074972
9940923
4210889
11429634
2824400
15502746
5539858
12161599
4238169
4473938
6351771
5186127
10548522
18310567
10534607
14762042
13465385
14453272
12690635
12135883
10513366
11084464
17463556
11004421
7003367
6571786
9602501
15818937
8228164
6870394
12773605
6169472
12671986
7643112
12663114
1542987
14625741
12119709
4357703
10237680
14439172
18422791
11722660
10885318
17629732
6897809
12443327
12529594
14112632
13623251
10737941
14590678
14482524
14367222
7570488
10264086
15732885
2465849
15261999
10851814
15354520
6987917
16352418
13278310
9663019
12401953
9856458
5484962
2698068
15011036
6583615
17127928
12883045
5602750
2880458
9689242
1784023
6054461
2368572
7646515
10957690
12471629
9416062
7014877
6563133
9358707
10686922
8833595
1955197
14091350
10497224
9395565
15884890
12131003
9331989
4533927
9525743
7000090
18409998
12379438
13774590
10256564
13084892
12514611
11623691
14251972
4130653
12933030
10074500
5245905
17353847
10713463
13402158
10722776
9868151
8452904
9108854
15344767
7811305
12371534
11904629
10662922
5912683
16793310
13430401
5298993
12635663
14282288
6327165
10224635
3907114
9758198
9961848
8781272
15840440
5230358
7022752
3748878
11837580
12507192
19698077
10685945
5657678
13419898
7253255
16529675
8208217
7855222
7602682
5461950
7398537
14082281
19266375
15084194
12016955
15949553
10666424
12669377
11440034
9473177
9471408
6479966
10110889
7728642
16018874
7765887
10461784
6567763
10118039
12567774
6420283
7011063
17038371
10779289
5977115
5995599
8314894
11449412
4668434
10125849
8402142
8684639
4607420
3292460
11937847
7795681
3697967
5327182
10982741
7037645
5031431
13032632
7312522
11461527
14745869
12907503
6393873
11324923
1439186
11749963
10045221
10000707
8947649
14041843
11180427
13913261
10725213
11914548
7506327
13284977
7728520
12212255
14026779
12199475
15498892
11407656
6832361
3273971
6645554
8456916
12200671
11239509
8533258
7527460
8325689
14653152
15024605
6326006
15728966
9790490
11475696
3791331
13479428
6209522
1932838
5881117
8144107
7342562
8522676
14357098
13166059
14108165
10668457
18158143
13456200
10512783
8992852
7673664
4498493
9380338
10914945
10498478
7861885
16056792
9456273
5430693
12869226
2939651
7231582
18106965
2398899
13867414
14905223
15661147
5033649
15899049
18327141
9464080
7932322
10596814
12169186
12698043
3207445
8113801
10207443
12027731
14831577
12566947
14150082
12083462
10835415
8362140
7816320
6589943
13087330
4479929
9658233
9637635
8822498
9104592
9649124
11790526
9850670
9102602
10142792
7377001
3416969
4559949
12718986
10558366
5809122
8565711
13538570
6230111
11374001
12426582
7283397
4190884
5878541
5035802
13262087
10651063
7947433
3430584
9397784
9613900
8030198
8496690
9862799
3372057
18088613
10680694
10969519
7651391
6395751
13582503
12446276
2494765
7860480
6872051
17577671
13011664
11027952
8682125
7043661
12575238
9722570
6304626
7394154
6847444
15704509
12768543
9575245
14942930
7908598
16144585
7150159
8017767
8684390
9878246
16713977
8443497
5526744
10094439
15399542
15309921
10977182
15485246
11662204
6926166
13823178
5031341
10743065
11142205
3710569
11092287
7927483
2753333
7277017
11604144
11119498
17729524
3745155
12252907
16857480
4530875
13855937
10062932
15062959
1842892
4840603
9817087
10449473
6628283
7080420
14552617
7389282
2435704
8013299
7542226
8564975
12200260
14033420
9667046
14828113
7036438
14644427
6761243
16598619
16662129
10320504
9480325
4561429
12498724
8254613
9673506
12506514
14615968
13070557
14623794
8844258
16417699
2565084
7897058
8758458
2422947
11895369
4120743
10264646
5312212
8206660
4439062
17027270
14474760
10704965
5503221
9438804
4004819
4031590
15685558
5774677
5184443
8230498
6919512
18766190
12823354
4403597
7399883
8885041
4888909
8123320
7693610
8380231
8899036
6244154
9445173
4729345
8720817
8347750
10187536
19789330
9149241
10326015
13268008
9866963
6838864
11968611
8754476
10486200
11751549
15637507
6999315
6918024
9306157
12247327
12548634
7817724
7547390
13393979
12260006
10757211
5889836
13576510
18683391
5138744
14057266
9075996
10183804
12378519
6689957
12173177
12368289
12154819
2863140
10715327
13487025
12957075
5662687
1929292
10504577
7040315
11556091
4217739
11012274
10778580
9382567
7486327
6475776
6498313
13515637
8087575
7561781
15108240
13868003
15109111
3794967
9020019
15684341
15721710
7834698
5862628
13008012
13108758
3755890
10420755
12558328
17454054
18430508
5077481
9742682
12614971
9485788
5105249
13508853
12034438
8227669
4516632
13576037
10673214
7647510
17842144
12868808
12938946
11898862
10310948
9522708
5659171
4981312
3564038
12816878
13077135
6977173
13389129
5360455
2181516
13758743
13844324
15082397
15202354
9172488
12191739
12002159
5745593
16083301
15714487
14982362
2673211
7459838
4087658
18692376
17673563
9865712
15595469
12608601
17782151
18120744
2791091
3768236
6025070
13960888
12590892
7740158
2403811
12869050
8203186
10707765
8466538
11294501
15303807
12909256
3366141
3603587
13536288
5540367
18238633
8991891
5587224
9448568
5007794
9111683
6934170
7549694
11383361
11966374
7690102
10096430
4947541
9472472
3275879
7330123
11976686
8829369
1753892
2982944
6086142
12895706
9920371
11334013
13671179
12322020
3267721
11286350
10388138
13608582
9791379
16586420
8523396
13090611
11283388
7399272
5762924
6196851
8859509
12189358
3335430
9570937
5762983
15096317
10537048
2864104
16304628
9702558
9976134
15171038
6267533
11332953
16225725
10297172
16472039
10484418
5227094
9436168
11257337
3680607
7474156
8255142
3846155
14287621
7904019
11765223
16296854
16231705
7425455
12013290
13133808
17477734
8025845
5540997
10116082
7392363
8094622
12634148
15026542
15400505
12726029
10513448
10951418
6519241
7149439
12838721
6036692
12655507
11042973
15695810
11468061
15569798
5279951
9039942
4490880
9743338
10963934
4146645
13998321
13581470
11506094
12378292
12574093
11983548
15739456
12364537
11740437
5930306
13199149
13270183
6989473
2139722
3945211
2751744
9138763
1962388
5690803
10451069
12585327
15065317
15325883
9675443
6713833
19035201
4777589
1875976
4018748
13278010
8807854
5113076
7156838
15623679
11587540
2402885
9969523
11974757
5370809
8753640
11324037
10052195
5763076
6816514
11899826
12643695
11370942
3062379
15566825
4570247
3673899
15693866
11942861
4037229
3184086
6699393
6417898
4005636
9035191
5705975
18153261
18087947
14964966
8884466
7743265
7639006
8346420
10782402
7324399
6871508
12043754
14779050
5832157
1764631
2388190
13968750
13902656
15855292
7453885
11937693
12417851
8563565
10855843
14074649
9624761
3767670
1602040
6205037
17420646
15679609
17344191
14869025
6565655
9179400
14572206
13069934
13118479
7104747
10914158
7587780
5412893
14214769
8781565
5387394
10659799
13813827
8352550
17921922
4861155
8979388
5176864
9023095
6727908
7796271
9910223
6695532
16720996
12716014
1098590
8255719
8791517
6511704
9790129
6737771
6841056
5454596
15256940
11227701
14150513
14288960
13141090
5558266
11186306
17899714
12310931
5148848
9025909
9200362
10122779
1294062
13166845
1877650
8077846
4589408
11632206
8490466
4980113
14539238
15510437
12960139
8636638
6599931
5275368
9769742
14845098
11369882
7800168
10427340
15979658
13537079
6024326
15613369
19276053
1401795
10986664
11315832
7345680
2613641
4702455
14951734
12121921
8830244
9093691
8820241
9673887
8228009
5234937
12847319
13054132
13170915
3665538
1876727
17749544
11079518
8904967
13132979
8386116
15782248
15163435
2374098
11930618
4753915
6301372
9450677
18407460
13808117
11541308
9949971
6975552
3192512
16305440
3627923
11352453
16667657
8512062
12536493
8287028
11154859
9306707
13575598
11038647
14672688
9775208
6517819
10400784
7064552
10808567
12383820
14758426
8122705
12759411
17514958
13693982
13202594
11107726
16378032
15488290
12970828
11943969
11566295
12826818
11048493
7685634
6321253
15746651
4392572
18630911
4820076
15259031
10616390
18635007
12894696
5457664
6944480
9875114
11295154
3992445
7801321
4644815
11045278
625264
1972867
12045974
8719509
15033343
10395461
9980157
16610499
9227968
5626396
6046564
17345205
5082617
11093583
14590644
16452729
10376696
4852893
14009271
5976165
11237273
12407756
7628701
13581798
9309520
6434073
7509388
3691197
9440863
10914470
10154912
6351646
15075250
9749282
13831458
8726596
10490612
2524743
9969367
14879501
12681304
8417771
14405457
8753234
12732486
10044533
12486244
8637539
10980978
17322656
12479338
15227858
4949211
8824250
12760290
16796875
14432866
9932774
10175749
9867447
9703734
19498605
14258535
15956279
15804213
7028117
9757035
5113456
7727949
9587491
4619768
12355011
13653070
17900175
7105019
12429209
5664489
6532576
12824646
15913653
5847966
17917611
11053720
13387488
7057773
404321
2060402
8787247
713481
11628807
6554734
18996010
14942938
8804791
8236951
14621944
10668823
11033931
6047524
6629735
7548836
11267897
1425194
6982664
4615075
3397408
17899093
1689108
6639409
15790422
13629950
11509933
4659684
6184287
14704694
9580079
9036957
2657452
10187651
13700723
8956845
7886504
2798393
13299935
10812942
15445603
14910270
15025129
11155938
18132501
11334699
9346739
12909377
12409608
9348681
9575902
10400637
8828189
2803319
14657185
10291239
11388131
5774480
7466864
13523130
5116265
8911047
9908004
11321471
14615714
14316131
4067345
7618687
7237811
455466
11189799
5287280
9104124
11390154
13174349
13504889
12502246
4038651
11369916
14327027
10843303
3926805
9083907
9243760
14237684
11500575
11279263
1920960
8277623
6872348
10399982
8762773
9267124
13831950
9414245
6255452
13863068
16703573
6594741
9779205
3192059
3335284
16832928
9002887
10721221
11105144
10499246
12850655
8141103
10185751
7166886
13253732
13139382
15953585
11664344
12731411
10923004
11273905
9362137
14400404
6991434
14688832
6838836
8233023
16140736
10324352
12172581
11175530
7563586
4260340
7114621
6423278
5576043
16644785
13679346
2162924
16757417
6722165
10192132
9335724
6902532
8776654
3966230
1899006
3952424
6093808
15067256
6297649
4386718
11202075
7760714
15147539
16991389
8576223
18265699
3355113
5055587
13375289
3380599
14328801
6616285
8013481
10719597
7623271
10765743
10463519
13060565
3461453
5760159
2229900
10756653
7180263
13401305
16507712
7899402
9832162
8702568
11244823
10915156
7275392
8710154
9250566
7761797
16298451
10383170
13251642
12998348
6454599
8331979
2678663
5109239
4794229
5275109
8436227
5236116
14208650
9706833
4356920
6563112
7667453
8766438
9502106
16116239
11867878
9655141
4460840
6743384
7468727
8311562
11981184
11709857
8258546
17401945
14020525
3607750
9658550
8519483
13655895
10695129
10108905
2747477
12099653
10486808
8910847
17211722
10345709
6710730
8879124
5745099
2388483
14483985
8199606
12884800
15613420
7237789
7448727
6880230
12575667
8430233
11289271
13252780
8351190
1401012
9113981
8081633
5656304
6105323
11052566
14457349
17364897
6477622
10868038
10663004
14172474
13582774
13252434
12540153
14272403
10194601
18400931
9000072
8698464
16416060
9165779
9910062
10429840
288452
11017911
11502073
14843682
2593848
1252060
11415957
10496906
8698748
6872055
2278415
10225492
5550714
16062362
9606957
10203753
8337675
8345849
12107146
10409244
11676384
