30521
1465
31355
27296
24930
20533
20579
22551
7601
5750
28763
29500
24923
31081
30192
11894
17919
6594
30290
9288
11751
31542
9909
13347
15755
10219
16886
24959
3670
10285
29058
10538
32429
8802
15732
16607
17198
14144
18429
29978
7477
28221
22537
6443
23205
17991
30495
15753
741
16054
9865
8298
21800
27775
28598
3216
31730
28586
21468
6758
6616
23814
24289
1867
4999
28699
24956
5934
15111
6496
5784
13403
16449
15534
14329
16788
2751
13301
17953
21092
24756
27182
1909
15792
32572
8848
668
16015
2020
16391
30760
5980
26477
8418
8056
27401
6605
25291
10972
16565
28535
8957
22267
25985
14300
3761
2418
8352
30002
22489
17086
28078
32116
25105
26460
12611
11434
15315
9262
7111
3178
14314
29217
11912
5279
15145
32013
5897
27017
4700
29149
21662
15109
25727
30703
23605
10511
5422
22974
11895
20869
11101
8382
5136
27437
4169
10375
29770
4602
15022
27958
31201
10379
6715
6416
31251
29429
22339
5481
20982
20162
15029
8901
11790
11322
21070
15420
28703
11489
9485
18979
10048
2880
3048
26600
20017
12264
701
16702
17390
6069
1419
19066
12932
28496
19938
22589
22564
2039
1176
23124
26230
2433
15294
15836
27695
1436
17618
15018
31974
20570
14134
4074
2852
16876
15073
29701
10426
17837
27477
15305
8535
23138
26321
31940
9049
26559
24007
12016
27364
3374
13968
4502
9009
19917
6495
22380
29225
15797
30836
24064
25139
5250
26770
29786
7754
18704
23986
29917
13394
6786
8185
13935
20908
10889
3304
6362
11784
3299
30931
12401
6266
28705
17556
21750
23249
17326
31616
6075
26404
32525
3482
25864
941
28258
31239
21693
26842
10292
32194
28216
1442
4209
6801
25465
24086
3250
2616
1924
14392
19905
29164
1031
2831
21081
27146
4669
25595
1836
11785
15122
13895
10282
2222
25224
18685
18177
20606
8793
14078
6880
2169
14302
13649
32129
30981
2351
5052
14694
21801
1420
11153
3427
16379
25852
12491
2396
18012
2867
6489
10320
8418
4537
3770
19350
21014
15689
7626
31591
29920
25208
6364
4253
20287
32151
24584
11194
32061
473
967
7468
18467
9145
30141
8912
32233
8854
15317
7860
23792
21920
22931
11041
26612
32760
25510
12249
13884
12307
29117
23709
5139
11872
25244
11506
1916
16170
9839
22821
3362
15295
862
22669
8590
18130
2145
22800
27292
8222
8790
20456
5424
23372
1873
1959
15141
32279
27699
20345
25990
18862
14462
12202
32513
13145
11367
18280
19096
20576
11565
14281
12954
14633
11178
16400
978
10144
22824
28460
26878
21723
7797
3713
14979
23039
2362
10731
30302
6237
9096
22784
29790
27873
27060
11670
10896
12973
21093
27526
5627
22785
7403
28079
7054
4190
22994
23613
30039
21227
25015
6187
32758
19479
11867
6
31824
25472
18934
29172
6536
28436
18638
12022
23339
20597
263
874
12202
418
29885
22740
19214
21717
8784
5341
6631
27559
12031
27036
24709
10618
8121
31509
23147
9496
5167
32255
28161
23960
14382
13259
18569
13954
24364
26593
30292
32563
32289
21037
19254
2434
30616
730
12087
5027
28165
15197
9099
2380
4185
22710
5061
24599
5332
13042
18247
4904
22042
5621
1789
527
18058
14198
19275
14063
11723
20043
1603
22496
25767
12007
24092
18323
797
4385
27615
14645
13489
25399
21092
15253
9991
19986
16765
32648
18096
20171
14705
23949
15940
2415
8876
24237
27569
14591
3508
19621
16338
24763
12127
3399
15428
8864
27972
19742
885
24368
3695
15697
12029
625
25689
26825
24626
8760
23
25750
16118
20903
18385
24463
23252
19957
118
21817
8780
26733
8110
26603
25706
20922
31248
9775
4254
10849
8598
16234
10439
31887
2125
27584
6545
789
15185
2866
27905
25009
18937
16393
2894
12943
11599
2168
32243
3343
17347
7037
26882
27081
13600
3336
11963
1999
21182
32095
29021
14129
18426
22465
26428
11463
12003
25673
13588
17194
23862
12566
17053
19716
32141
5801
15711
23690
18643
23438
15816
9286
29691
15167
17020
21786
9713
21573
30188
7554
2513
16800
29226
11801
20824
25449
30460
26463
15256
6838
17967
5305
29679
31934
6701
22713
23865
16702
27346
11936
7493
28699
29820
9505
31878
4680
13665
13928
28171
27114
21798
24923
21425
30138
10925
26656
21144
17323
21550
22495
19411
22222
5513
15817
19812
9330
28890
11609
3943
27791
11598
31705
20877
29029
16438
21801
11468
21088
19546
3516
11605
3647
11152
21987
18631
28789
13965
12878
1186
28111
16122
24015
24830
13400
28619
30818
23421
29306
1996
10091
7806
6501
8828
2878
12435
7861
799
11748
14390
334
5647
20253
10167
5515
7251
12705
25977
23705
13682
19883
17502
27421
15241
3256
24704
8989
9628
29324
13346
17693
25642
22391
30950
7304
27652
6102
10560
19282
25439
23772
13866
30940
9511
25235
17689
26648
3734
24349
2608
14573
19206
28480
4788
22749
4611
11298
5057
26341
2981
20048
4411
3748
20252
517
28934
7872
12173
20650
20090
24198
19229
17305
8721
26320
4171
9254
4451
556
11650
31968
31573
22586
7918
16404
5261
26710
20112
14227
10281
6007
31373
8629
20656
21847
21964
8094
15688
7381
5823
22720
22314
21399
26753
30625
23380
19699
29218
25567
15485
29712
26687
23921
24910
24904
23765
23855
4815
24273
16726
24213
12064
8349
20221
30404
29801
13182
18783
23753
30739
26510
20292
18210
7737
14798
11700
17022
9561
269
26965
26053
6736
25100
29172
1880
18565
20191
13409
22426
31332
5526
32384
1199
7694
16925
27037
19332
8782
22369
16128
6671
8144
9140
2753
9944
8845
13427
20702
8632
10122
11494
6283
25056
8898
1127
16841
13598
8544
28615
22842
13404
23602
31213
24116
16746
20059
4032
12052
4605
9288
840
4053
27639
5861
18959
32481
30440
1808
31438
19494
18133
27982
20037
9837
1081
29116
10091
4839
21834
16457
26311
777
27773
27939
3358
31898
24652
32111
29006
2059
12343
26685
3450
22790
6921
9147
10087
25929
10844
4776
22566
23989
5983
26124
14068
15778
27863
18215
11102
25718
2660
23975
10921
28022
27910
1566
25712
14812
24799
19634
8847
24873
59
23
24640
31676
9165
28858
23684
31652
10299
12351
11205
1971
11486
25902
3257
3283
12227
1769
1161
31133
10997
5602
1587
22568
