2249787
3998184
7370588
3487536
4071177
2252296
8761331
6162146
3268357
1194498
9812848
4124083
2580050
2203013
6099532
6804339
950926
1983839
6892578
104400
9964431
6361078
3695357
8743429
5530093
5230212
7548095
640154
8242791
5598232
7991908
1620490
9798329
4314343
8154030
5531486
8184111
1329078
7474069
581264
2773160
3430094
3605829
6344760
8213276
4408713
1493453
3853761
5663084
9537245
8230223
3717718
6585941
9819860
7654652
6046984
8804725
6541292
7643009
6012419
8818007
4349645
6271186
2436071
8424148
6603726
9422740
7707346
6360574
3865303
4598097
3272171
7224197
9365570
5094008
9978829
3293361
7229792
7009441
2721843
9923201
2913231
5495469
7667494
2306911
9396097
8516919
6326698
649791
1446463
4347610
8122131
6692670
8836215
3552360
1268224
5166631
5055046
3776348
3596017
396335
2579573
1570058
3807943
82887
426367
673800
1238124
3922196
1475859
6440171
3670318
436809
4719953
9606240
7486330
2982771
4519449
3931377
4475482
7500395
9304496
6492935
4034565
6203916
4933191
5676284
3843355
5012661
6961197
6116206
952723
2370067
3539355
6972983
2928421
5583226
8958193
2550228
2855244
8967543
6277495
4866049
7431212
2915824
7273291
7210837
9501887
8247467
1019212
630418
1039640
900094
5427156
8869465
8779021
539827
4913834
9974378
9052608
5047078
1986550
5711748
4749614
4781951
1398464
1863744
9583410
3003630
5331689
4481473
28521
6139147
7935802
4182798
7059059
8634083
5284501
8138970
183778
7799361
9385638
5440936
1660459
5811168
3423614
9259722
1146708
1502782
6003601
9521124
7546741
4447745
7138750
8638153
3721268
9269640
5442116
9909225
6802113
3818523
9776320
3067322
3812057
3360595
8655431
3199831
1766746
5509498
9045996
1028379
7009455
4115236
4197983
8843795
4975763
1101954
1602058
7228593
9422673
1366917
4733147
5396914
8899998
8283594
9287343
5943522
1448059
51549
2044651
9474275
6743240
7158385
9396304
7472041
1686841
911214
1547926
4382511
4426457
5108912
7225127
4174142
3956001
86029
6128644
5187030
6097696
5112962
4833178
5671079
6949643
304926
8295742
6610392
8040024
9457069
2400906
9882605
1593383
8786927
1993839
6722311
8219130
1379482
6709831
100850
7550716
1896214
7021047
1377550
188074
786050
5189080
3828213
6797597
566046
421610
3308837
9406858
5915841
3627581
8381925
4433986
7889965
3892878
2005086
6893723
4061800
804848
7361992
5028079
2140686
3941358
7913647
866029
5397789
251357
3401676
3601040
9938596
7633829
7930416
4374438
1427192
6029951
998717
9786551
7595941
2748215
338185
7330249
9686274
2757733
9895676
7117010
3527452
1404274
3433050
7084055
8555666
6352932
5800277
2041463
9213789
8929382
5749203
1978552
9101042
6763691
4960596
3650941
1978863
3913969
5404923
6640764
2154654
3528013
9392207
7123729
7764701
665796
6764672
9267096
8403155
1862408
6208412
1574880
9964273
8169870
2884233
6803306
417604
5058274
1783445
4780378
3645262
7512208
423385
8462163
5982675
1919989
7820009
7715597
1011291
1000315
6548818
6936706
3871204
2922257
5894317
4603376
5984385
2556083
5183017
6458884
8591217
4886839
7005642
8344791
6618095
7909744
4165478
4707319
2847744
1024305
1054687
547891
2974964
314252
1158848
1154780
1485941
1459273
9430020
5453648
6575591
1692524
9546637
1586989
2099820
5772605
1009130
220607
9828866
4308633
2694902
9750513
3785420
4512940
2323094
8712297
2003198
410060
8594114
8838445
1213528
7034080
1028967
7897136
2951279
8595661
8288727
6403527
5511371
5908275
7207605
5199182
4961789
8378749
8303435
1019886
9938936
3979997
9357116
5343569
3933137
4460805
9388836
3051003
6560175
8602740
5518850
8531857
2313733
4571815
5679528
6062845
8459234
5416558
9370739
2271788
1205859
9981362
5207614
7507213
4542031
6388832
5327368
2947360
6357549
6209877
9291294
2370021
3386483
8796572
1715375
1533663
4347886
9062799
161650
5457403
5714986
4247759
5682711
1542697
2130319
7839921
2243505
3114930
2232186
2224304
395477
8400085
5418286
780799
5762772
9719626
1563334
8604466
1798277
9627317
8365941
5150548
2796507
3081887
6935307
6154760
3911847
7003248
724806
2109383
9632082
5714030
4824833
170618
7484180
500910
7040965
2206569
8893118
5660852
1582338
9230202
520020
4265911
3101682
5789779
5417351
2866565
2727049
6403501
5271544
804181
6746764
6633696
3755466
6465984
9907534
1453933
2680985
3791191
5501581
1327159
8101177
1172840
6235729
7011240
7412205
4718194
733089
1403669
287644
943380
7243576
4620547
3962661
6812631
4608561
9839897
6852039
8486686
7370633
1153879
4471668
1970456
7272959
2933583
8948877
9669280
6226279
9327407
7344349
9651348
6597111
8289849
5299242
3592368
7944320
1354671
7365371
8620251
5264966
6491801
8746318
6662528
7830091
9990437
1183191
3031178
9185392
3566768
1232688
3061113
7842026
5873199
2690828
1531766
3998854
2156979
9169197
2287043
2977152
3481605
3085528
2209778
6909334
3864008
9037618
6877911
8248412
7657416
2683048
205665
8718786
1018420
4957461
892999
6812313
3350749
6059482
6595001
9485765
6559620
4179135
9010163
8599153
498740
9105436
8611582
243977
3562054
2613527
7523585
146547
2411422
6141081
3600687
6196035
4750876
1789656
4452339
2239890
871887
3463664
4739694
3810444
4048681
4652805
5904230
5830523
1980333
5283352
7757480
6657133
2193261
3871744
1110079
6509146
3027533
7492866
3310510
8060088
9034124
4006562
4275373
8880180
4083180
9393496
5537912
1585217
959804
667535
2179448
8906873
5317430
4798411
788859
8208978
4037631
2211873
8612632
9156234
2237343
4042218
9252791
4899408
1234785
1351005
1467099
1966528
2624817
823219
6350702
9797856
7099665
9565881
7629774
7734057
826563
8563160
3708962
1912063
8015055
7305552
8036697
2807076
7308080
5713251
9968688
4534269
178595
8512699
2773785
4698225
9265431
5188179
2127927
4378944
4342629
9484072
3675066
1436314
400513
2725188
1471216
7659310
556677
3449186
8867222
554348
265329
2960572
6627034
2928656
9339566
3666715
9296586
2765038
8328691
5630617
3176970
9067249
5715392
7270939
5846934
7550246
9586450
308246
9899652
9642982
4225559
7988554
2876002
9231019
3184766
6403600
6478314
4672153
2525246
399698
9553625
9696880
4148543
8588932
9795795
3677325
3240923
6972094
1500086
6924172
3573757
4559902
2460695
3318455
5708488
638883
414187
4985618
8621999
9385608
1329638
2941072
1102857
2940060
7171303
6929051
4612593
6244164
9074536
4790689
1307473
5806865
4235440
6819157
7835391
6389954
8595883
1987447
7875931
3706112
1917039
727622
3139037
1383125
1752452
7339157
2641066
1378171
47181
8718261
7854490
4530484
2091874
2747196
5511487
7071385
9810142
3261051
3720109
8713189
396221
5216548
7363746
1883853
3063372
8002284
5447879
1082204
8161986
6256980
3112009
6487650
704162
7239904
2599879
1497439
2879297
137002
6794381
2982905
7699307
9119121
5217171
7593279
7496397
6942721
2377191
3695467
3805172
3025074
4205369
8627143
8239400
4334549
530435
6677034
3261168
5098483
9651159
8714004
918566
4845466
7867259
750993
3332219
3916574
7301845
1772444
4668387
525845
9983452
7940451
1493402
5792465
8460082
2863843
4887647
4265381
6607473
7322704
7400090
1905944
2636540
373480
173779
550399
9258013
1948806
4230252
4845070
4796203
1313051
2516575
6931751
2734037
3294677
4950730
5502216
6242455
6049314
6132603
2241005
7911180
4968927
5460776
8132322
4465669
8378765
6830554
5527
9939222
9643029
1092220
7168743
3864674
6681261
1296891
1948760
9166614
1981007
2734840
1565533
2276459
7076257
3351747
3420576
5967417
8537289
669329
7252270
9670065
9017209
9532845
6655569
895164
6101272
5077440
1614878
585243
8472426
2425508
4756811
6341018
9993524
1605736
441514
6228736
5916818
3306977
6836933
3656245
7240480
3140623
8031203
1551673
6709250
7041998
7430267
3408667
5466648
9153051
6551057
8767587
9389190
8973331
6499846
8172608
3413263
631647
9260848
7859302
2132282
6840058
7383791
4335661
1040525
9917568
9474781
4763296
235987
2860501
323854
7749497
2326754
3520992
7432069
8003758
6989692
3456211
298922
4577322
7149271
8545128
6140097
754965
4424428
5185233
8086014
7122191
9523122
4669080
9637201
5646112
9858965
7419248
2906616
8471718
7771313
4043387
2231292
448808
1494583
5110496
4113682
1393079
257265
3207296
2846539
4156884
8737070
951743
5029314
9218103
6715875
9148881
5235442
6942630
3174875
3598531
4834967
2626512
420061
7799014
8652376
9921955
9837872
3343218
8668234
1752203
1249037
6694351
9176169
6484334
4816531
2489122
2726419
1653088
1560154
5812524
2776536
3371795
4900773
3417117
6901458
7916393
5558849
6865527
4956973
2546463
8064700
3626173
2067663
6271284
7893668
5173606
1081126
8463553
9894539
8732978
2608330
8318677
3005304
1868152
2211870
7646629
3509972
6483153
7619390
6512
1251311
3883701
1264153
4811887
5833243
6485380
2738548
9338981
3182221
9492046
4592758
4110965
1400976
4193235
4635118
7831432
1549628
9065210
5548438
696624
2299897
2305846
3428891
2958481
4446510
561667
8941312
8064319
1340238
8031489
5082916
1629972
408107
3978538
219286
9962418
1132204
9132351
8857578
2617671
8036832
9092885
5866335
8241211
1229847
8543992
8189050
9462656
8898214
167371
2995495
5162776
4281381
571826
4588788
7419914
3260241
1690428
8951649
8523005
3601167
1381640
3862194
4266326
377444
6009036
6930241
2914476
2563199
3559703
5325485
8551047
4090543
2485337
1810905
5987895
4165242
5982793
8508403
5164372
2052965
3653563
2648835
106172
9051460
1612868
7558468
9806020
6768698
3736957
8662775
1295468
2064780
2660327
5149555
2886604
2718514
1416454
1752951
5322053
9609069
8868855
3805323
2950285
1771930
6123582
8827562
7204173
9392235
1148931
6691838
7158094
833759
590902
506466
9247779
7650189
1847547
5678863
9805783
3773853
7517698
6354911
8006141
1650760
7129542
6075040
4754493
7402179
6960953
4113337
3066818
8287416
4637930
3540259
1602619
4866830
6879394
7436199
7773997
6327502
4671507
6533004
6848463
9491795
7427903
8848998
6718749
2082533
6488781
6279823
2563165
3073239
5686777
786125
4037756
8987235
9124071
7831871
6893574
5857712
7307069
3729382
8328221
452393
1199951
6248482
4503892
6121930
5424800
741791
9351482
7350861
2736007
8549118
9353545
9443144
1881277
6694114
286996
8878147
3026264
8578736
6374635
724117
6170024
23324
4264452
7303863
8160026
4427224
4311582
2141296
1303271
1469063
1062085
3460699
5327205
7471034
3564795
9422786
4130417
9552476
4629137
5297944
708721
3110200
3859527
3454956
6117785
2682142
5626540
8153175
3989051
2149643
8602581
1782380
7863548
2528346
5284925
7086667
4688292
8433896
2482215
7578858
6738458
8960407
7279526
3330127
1881440
4119377
794285
3613644
7832217
8727866
7155642
6464358
1675555
1251040
3122337
5221688
7716198
5859202
2657285
80102
958054
8334344
1919672
1252524
2361478
521283
8174496
6351054
1501661
9398308
916256
4960206
572706
5405822
5100374
1638194
5232670
9804995
4190330
111462
511533
4969360
6902756
7779506
7539606
338779
6842469
1447131
3603975
7799017
8043503
194384
7020198
9595546
4226404
8960901
4763701
9658993
4414641
2532506
3134302
4809398
9184571
9760391
607332
7225605
1679024
4896657
8071734
8584330
9895921
4581242
7074989
4779763
4438782
1130014
2565051
5647576
9844039
3698530
8862105
9344253
6945598
8543046
6597432
4859140
7677277
1851631
391795
2082623
7282218
4005807
9977139
8810354
1729585
3993523
9162694
2360536
1432587
8704863
5862282
3242638
8630533
3830017
1675209
7412621
3677377
2858423
7803660
2904612
1915588
3023359
2219469
1208523
8617400
6779489
3210224
4780950
4662308
8274818
7343024
110817
1067575
5703842
75711
2711084
4384646
4390219
5118210
2125186
8145210
124692
4803955
1738495
4210850
6762932
1704988
720508
6484249
3281438
9527657
9643912
9214866
634741
2592810
3417169
6451668
426560
4671805
1956535
5740224
6609300
8909810
2903302
5819208
9782652
2254032
1158172
5271622
105300
133139
7765213
2562272
2445402
4808053
5575170
16439
9452050
2598018
30942
9606669
5539890
5784904
9028316
4152677
1099623
252460
2967265
2471517
6916077
8158444
4282585
5072220
7090375
1268276
8662442
5123871
5435569
6537203
7336643
9297167
1551584
1622676
9608654
3403960
5341243
2059801
7255363
9165463
633050
8996446
1206216
281889
3464470
4279542
6594321
2612104
2422684
9909862
8168430
2486368
7406106
469856
8912171
8255198
6955586
4876166
2379652
1897115
5974686
2631862
7641586
2149818
7518839
5887233
4843757
1114670
9723993
2127529
188944
7904516
2771057
5991387
4388519
1464356
6869539
5984454
2502319
5032921
4586645
5454779
1436901
8786784
2419001
6753201
558501
265428
7563185
638511
202192
381470
8675415
6172168
6539608
6853667
6412416
5800390
614557
6773306
7301580
8980508
2321070
4092287
2558390
6327852
4234047
1063496
5327153
4138555
1984308
4722932
2200689
3465734
7720565
6534006
3246383
8126498
4113640
4657336
6544840
5583445
981023
6771883
5466131
6628293
1649852
9203281
9102838
9577863
3582465
8442309
4699493
9245882
7132964
8768731
7023024
1329043
5206589
7647321
4460365
7500398
558841
4284991
4842620
3993458
3999863
7153621
6303160
184648
3231866
4750913
9554168
4568458
7598983
1486948
8196308
1911576
1710485
4727843
4499739
1329805
4570891
4822452
6143200
1013941
6425245
6894859
8542347
1270007
1206935
5856157
8161340
3680834
7406457
8482915
5095852
4640031
6250825
32425
6280373
6528688
1487038
4412937
683753
2446613
2140398
6966674
3202132
2218544
7143231
9660385
5854864
4278005
7168518
6765388
7417067
2196959
3304740
2267650
3313952
5127852
3872521
8223341
2005362
3949864
2210206
6076755
4784653
7602574
3305397
1419863
3323205
8813999
743516
1007044
6177629
1949717
8504334
7675908
8740206
4033217
1159518
547279
4423524
3018590
599784
7787723
2217325
846720
8140886
1151460
7194295
5284713
1487057
1849812
9428286
9128698
8942799
1968852
5196979
3428667
8057950
1756249
3269409
1189185
4954983
4938810
9572523
6348663
1908315
486598
6075067
8455124
1379273
6646765
2834252
674093
3492460
598346
2295835
1202846
7266458
768300
7624710
8834823
9384555
5003448
3600226
6311211
6089234
7985414
257156
7515123
2514592
2242395
7387682
2206267
5630177
9245084
1966658
5160151
3697972
522693
6458377
1443442
5038709
3104325
6352535
6203105
2137686
1812855
3393363
4649790
2160963
5670449
5291027
8477861
4417760
9706932
6322933
6490363
1306418
4434434
682730
3974175
1975980
3330371
6337530
5641104
4720011
3381268
6130686
6773490
5605344
7664929
1485949
439144
3346277
7498586
8686349
2949033
5349622
1096763
3373522
5634472
3831499
5731762
498015
8885750
6450253
3801445
156358
4371398
8637828
616091
5602172
7709515
3696318
8011368
6833584
1694585
7782360
6282110
1518423
5202756
9886292
2523210
1312964
4670683
3808229
1439836
7349068
2258192
8433030
3616584
3977426
9549129
1723295
9143388
8452819
252480
6568176
6907145
9060562
249999
6784328
8795347
5377940
108740
8864790
7332517
4771931
6371947
3626399
797219
4043733
7290585
9542715
1423900
105054
5650816
472688
6951627
2535077
173451
734329
8562442
8351688
8806716
5422871
5597000
1523178
9540073
7358278
8800469
9727094
9609319
2035148
3189087
1165010
2225068
5777353
4571428
1185821
2017281
6384227
252229
7949059
9034662
1124293
1154921
7592978
8050046
7875931
6403929
7701772
3203236
6442814
4726107
3042154
2618588
9926264
5695545
4383065
8923223
8061496
3020291
4380727
3822920
982675
5683574
2067042
5142340
409517
5045254
3526049
317646
4882757
2644171
1280901
2542168
2641086
647847
1697183
4314858
5578103
9285807
9860717
6686869
2327006
9959492
920074
2295825
449171
2238333
5767331
9275631
9944361
7747785
9288194
4050430
9483833
4132950
9502543
3267788
786069
2523507
3285850
2233779
2278459
7441239
5856794
2276450
8329564
8445253
6412065
1066446
6746052
5131460
6646195
2786390
9403052
2626078
7074286
8044763
9618430
1605001
3607116
1257561
567842
2560734
807559
5685414
2046270
7843057
9074005
3007508
7527848
8314471
8704980
1321040
9056636
6402851
691683
9373684
752620
3903593
2847584
3827454
5863133
9623590
3797025
1889311
5388014
3339535
9852673
8214319
7069467
430083
6593768
2150024
1357289
2252701
3353782
6943844
6023276
2319594
2678735
9500566
4502869
8764140
8779386
9915188
1908190
5954704
2947340
2412248
9452900
1888073
4582727
6273065
6380345
1183426
1006552
3020744
632126
5306806
2046769
3538195
7435685
5541087
7141214
8369475
5797051
7690805
1562623
7184106
3724495
4575771
7693250
8466973
5281235
1070006
1942904
6257276
8416201
8434957
3257730
9365180
5335391
5824601
1125179
4528705
3540697
3905943
451239
307376
424869
7767154
65963
8402342
7867643
8331228
3781685
6934197
6181837
5309880
8216558
7718730
8479385
2733860
1329907
5480784
3302978
106932
7249855
5760492
1868484
3486563
4599532
3733064
7215243
2776242
4497641
3345132
2474115
1877275
9207111
1703720
2957471
4403818
1323880
5564960
3118235
2916905
356110
441945
5482021
7336020
3617028
6526526
7539335
2018587
9602877
9362765
1820532
3366505
1282818
2665702
3870663
7847382
3554532
8993060
9753056
9922712
9534221
3393972
4182403
7853441
6916989
1879353
3155880
600349
7594323
1347402
4638116
1493235
5942318
9881426
8219032
8667630
9506693
9570196
3565248
1668827
5236175
4493033
2092479
1693887
3070041
6677262
3996580
552702
5696140
2800277
9533782
6464939
5715067
8417207
1518024
8976768
9181435
7081751
3358313
1383162
9949900
2782480
7824064
3259909
4290637
6700271
4258278
5529441
7414685
9635380
6881729
4053979
1419133
2376041
9978275
5994020
7297289
9870546
2222727
3950014
2565680
1918666
4541084
4758348
4101945
8633774
9821403
6472375
3593431
5899136
5274467
2419081
962149
377267
5669535
9589502
4781119
8750721
7480380
215095
7568246
522520
2586887
535615
7253876
3278377
2558013
2862391
1769998
3223817
9387713
9509013
9047644
612796
3159458
7071926
3098777
5644077
8884146
2168179
7570869
6250455
3426507
8589225
9557997
5905213
9764522
6912150
2222639
8289016
5827721
3675296
1663911
445053
6074117
3564209
8443793
754104
7765890
8278340
6670849
9455792
5228870
32253
3085276
5134267
1819672
391509
1397109
7617609
5050062
4670796
4447649
4224610
3507220
2779562
6498494
8910514
2179908
91605
8351448
7738084
439275
8217289
625817
3153758
4708180
3460207
2981780
3192300
840159
9066624
4852054
9394104
9311494
3981477
9556168
6254249
7786669
2098449
9621539
7529266
7029609
9422438
6400610
6507566
785886
2724354
654986
5621219
8061573
7672949
2089291
1596153
476283
293123
3213695
4257799
5207389
3816941
5867496
4109719
8863957
6068775
4597754
6905059
2770892
4693044
7856911
5723866
6213094
6140402
4331063
1970283
6232218
2448851
6683751
2947064
2838414
8719524
4329988
931016
831587
3589664
981737
9353602
8017150
3031687
8574752
4000532
3598432
2102947
57933
1543725
5604120
2418974
8124944
1686203
3986288
6662918
6222741
368858
6053803
66658
8387088
4206506
7893058
6234615
5941299
1939873
3019228
7637710
1191194
771020
6049686
7876340
3251854
1106955
7729589
467146
8279685
4553085
870448
1717004
22940
6570107
9781991
3354889
1669429
5241079
6573862
7666362
2955704
8799555
6107610
5106111
2931445
3770590
223376
8525899
46285
7178446
8979230
3747101
6605873
9798162
8596432
6463228
396430
2198322
1051572
9687191
3400278
8497828
2212597
5931716
8737719
3561585
77395
8140268
5755628
279059
8600598
5957457
2466909
9208502
4244962
4888512
5051557
8810805
1056787
3691695
8442081
8320361
6249016
6336805
3590157
2202214
6507238
3918139
140016
6544961
734673
774665
5536968
9627299
7565456
2600363
5585396
667079
3674388
2501770
7018348
2121230
8064600
8290449
3783448
5518968
6142218
9641564
5838471
4923970
2464904
470118
864068
6555193
9392741
2574447
5702116
1125940
1522727
8376906
8308514
1081267
5847060
98729
4365649
3124077
8581819
9948993
1591197
4092033
285841
5876251
8989407
5196603
7955997
7927697
7405815
2432688
8841897
526034
9927458
2394221
334943
5808183
5723314
379150
2467463
17447
4216975
6355663
3485414
1140280
2400129
3722512
7418204
5783146
941338
9235319
7460380
6932210
2389754
2721988
54684
1867167
2282341
5673549
8088327
1365272
8829260
9979788
3232520
6435568
2091818
5058541
2546518
3954432
1227782
5651784
1674187
6103907
5936956
6017473
9778684
3857897
8677174
6925778
9127408
9478588
4093902
4981627
1607361
4489718
1670003
1598275
4020872
1467157
9461040
3636663
7904071
2747740
2621994
4101649
9584292
7798717
5172069
2635825
322944
8785919
5253697
2346155
5225425
5453983
5228764
9622171
3701928
7513726
7336485
7449603
4028127
4366342
3740754
1546618
5347438
2106448
7957851
1726390
7110370
6639158
8962640
6976557
6634530
9914532
3969843
9388406
8740905
2940187
8599799
4880497
3358787
9087077
9811670
233436
8784509
1598400
2525705
7839530
3714448
7063159
9753094
5998369
3635007
6733135
2688794
6035965
9083053
4147829
1835508
9325063
2762780
1667384
5341233
3928324
6381541
1935112
5766434
3555096
3503018
7225848
570761
2681773
9447812
8346960
1427052
2201567
623469
2459696
6968404
4915391
6175582
3265888
5728198
4242795
7029090
5126777
5817544
8059048
4189661
2214534
5888286
7543476
2516888
4568097
7576916
8006438
4488188
968346
3516705
831801
2017718
9102489
7923289
7370114
935631
5028003
2871159
4737682
5171501
6507733
9815023
9020342
9052095
4650874
9362603
5089011
7688932
9726336
8988253
4082109
5228328
6892858
2770422
8780190
2356259
2194833
7507276
3233058
2276139
5787744
9233748
4386560
1337746
1916819
1411493
7535533
6096258
233951
6880744
3604683
1442146
5534262
6339407
8491043
4940892
7144766
4766229
3165982
5677782
9797881
3623449
9458790
1669434
1955896
1157450
2452823
2076313
451261
3988033
3293356
3303125
6229335
5323936
4390447
6616871
6905984
6939076
181265
294533
194291
680955
7069555
8176914
1550027
9003725
9145558
368882
4491013
2433149
2792875
4139921
7437334
9692578
8208874
5209481
4623474
7328353
3153811
747656
2327140
6038038
3012456
6283966
670906
6894642
4083029
5173485
1092291
7106694
5913666
4604499
9848613
2725452
3825510
9190711
8074237
5213919
3576748
1297723
6845767
6357273
8509904
4683904
6948190
7029913
379979
8388244
4330359
9239597
799031
5627434
6600573
5387822
613111
4146127
1693485
8316146
6136893
187863
9915461
8895268
716731
828898
8813790
1988880
7460603
9479479
5025756
4526739
2923736
4172048
703912
2672104
8293151
7430636
7442010
8309073
5327079
2165263
8117867
3327402
9555300
4244703
3560093
4412197
7402055
7548951
8253928
219104
715318
3486828
9771326
7480304
1860491
3293097
9988745
1049147
2971312
5693263
9663834
5860412
7192947
203612
2056944
6896822
4388940
5855966
1173203
9685649
4872491
2922082
6129861
6742610
9144315
4167334
5116340
2623325
1504395
5246576
1952816
5487522
8122239
4842713
8581005
5542355
3383590
8814368
1481392
7353750
1674906
8126868
5902565
444231
1029085
5512527
3751139
3163679
4458396
2185819
4781254
8776637
1661452
1651633
9741086
8824249
4349120
1480606
2559715
4630581
3409141
192354
9317076
5779337
8196736
5646792
3122808
4681456
2830456
3406933
733607
9289481
1215600
5868395
8485669
9343219
188312
1609244
4750102
9177552
5501721
1093483
1237350
9725782
6328078
6597290
8366738
9329083
5586276
4252512
5682569
9769948
5915427
3181369
1683735
9896709
1648293
8378515
7302772
2488783
6147916
9370383
9709924
2975664
588265
2853296
7227948
8810125
7391647
9298417
7165291
4284583
8660087
5399852
9506843
413019
1205202
8665481
6751777
4868300
4671671
3963134
7661026
8180810
9604397
3599721
7990132
3169212
5536163
4806603
5983916
740563
5200950
5131551
577177
418018
9208623
788067
5345098
8237818
5292761
9320230
2121066
4014367
8550209
7740559
2483407
7279238
4073176
285479
1886169
8796394
702042
7184784
5524577
4512182
4625794
1453660
2532005
3966818
1739352
3253557
3363655
1054534
5351431
3680549
4920665
1518976
1326406
5455710
4947879
8992753
5958679
332758
5580436
5849486
9339514
3873591
6351213
4260834
7149954
5921931
4989825
8800643
3567035
9963948
5501615
1987135
5927085
1902890
9906252
6048346
4577464
1742800
3068816
6481020
7221160
1661841
1909537
548914
4271894
6478701
3203791
4190168
3286599
3270251
620451
6534623
4859411
6379445
3903774
3222836
2679394
9595709
3176460
4904424
5068160
7295996
6505281
3641590
2977064
4881995
5134293
3384366
800622
6833723
7163145
2228560
3977578
2826937
556353
6927445
5608486
4736240
2415810
9614905
9935767
7355023
2400768
3680442
6140500
7528081
808042
1563177
7128444
6527612
3888165
9949471
345652
5639283
6112254
1101162
2791505
1215338
9132219
5391229
1791100
9136174
261231
2569037
672820
4073044
4325277
3382946
9997930
3144013
86340
6832376
7089589
9149429
5929473
3653596
6038346
3876492
819788
5596796
6607233
1978884
6112665
3549329
2035558
7544084
6531342
2393324
3646021
3515811
6062479
9817700
7530650
8351684
4544380
7540786
3523806
5641412
8516089
5940513
1824620
5690768
6221819
6584165
8996331
6729930
5244595
9127267
3511490
136402
3320745
8445118
1384275
7945166
2344506
7663057
5081376
6691632
3608237
3268882
362829
2471001
5437054
561412
6171091
4541848
5346575
8244363
1164069
5860163
8677861
2288898
4727882
5902886
6499707
7638252
6180379
5108612
6353828
4134120
6960455
6239538
1109672
833639
3839631
1131618
1004875
2416473
5064861
6886164
5445656
2505760
1325010
1778881
8101546
4086041
6195860
759578
9357282
6999052
2571443
6743694
1384732
4705580
5994527
2937765
5266004
6617445
2594097
563504
5390910
5135248
5882052
2710243
31255
2245332
9868483
3599872
8335544
8926029
9144237
8265735
7646744
6243093
4860123
3536879
3510523
1002918
324192
6118026
4862748
4580785
1388647
7621304
3667003
6147413
2243956
6813273
9237072
6603080
979810
4343924
7272539
4775440
6700406
9379692
1864909
9170800
9480121
1168827
7246618
4985780
3891462
5169182
1938586
6673726
8037364
6053155
3624520
2753291
2335097
658706
2755496
3417465
4342909
9793376
2356905
4190995
3512103
4834526
4908503
6469440
4997666
75672
1165616
582863
1178890
7532205
4260157
7289917
6657722
2173189
7825839
5171924
2470100
6577846
8687483
1164613
8455283
4133909
5257266
7881881
5706557
6541088
709214
9796705
7969659
5164324
692419
4102938
7807447
175100
412258
8216171
654052
8745797
6217017
6243946
9367708
1101694
9716855
7789236
4190412
9919968
7985577
8868838
5152222
191271
1937652
9939047
930251
8263809
4219625
9427662
6183847
7572074
2702811
6083191
8707414
4227298
5911477
6142766
5396136
8415092
5752293
6845409
8967529
5764740
2003544
1392617
3954968
3920000
2132491
5778768
592909
3965426
1265591
6804471
9515113
3639117
3210043
5864348
4945655
8671638
3310013
422169
5322441
9425280
3207892
8161501
7475477
968745
9606424
8623061
8104452
2595869
6175121
1840293
9374942
2036412
9711070
7222738
12580
9331719
2976083
1464170
9242137
7546020
1430409
9426124
7624243
2005288
8509653
9350289
5688576
7942353
4677464
7645452
6583828
963269
5664494
9357897
7537475
6390320
3723256
4338433
6450411
6273841
4704893
3207469
5836260
2600355
518348
158100
9922032
9285606
6023856
7072570
5710423
7683060
4331424
6070111
3085520
2800306
2504329
3557965
5110685
8450910
7936261
8850176
5272048
7826535
9654924
7521768
9604345
8442520
405149
2637212
3807103
4067654
3770038
770630
4003552
7941192
5865988
9865712
2714873
2227588
9001294
5286051
2189101
5054072
9645255
3704377
172060
9532132
1420446
783651
4031344
8864004
5546288
2276577
9501835
6724069
7066129
2564937
7282484
5909560
8264999
9739066
7149554
4203556
7960212
2462610
2308870
6794652
2128124
2538852
6562164
9683852
8897835
8978488
5762620
6543370
6613287
4963910
4415911
8690227
4588278
5927882
7288569
9696837
9354023
6106581
8547253
9476968
8481715
3843871
180500
4617363
999142
4838253
3786031
2223615
4829939
4183658
2037592
3779895
7318139
6000271
4620812
5595263
5073673
8034751
4358720
100474
2006090
1301355
6400827
4971783
706601
9851895
4696829
238842
2008586
8230917
1293069
6225180
8420889
3652547
3062922
1504250
5972206
9060747
6600303
4647429
7208391
5713334
3365463
251995
9616298
8138532
3865875
1381546
3156500
1108254
8407323
7470008
3064457
5128416
8291868
2200274
2362773
5643647
8544745
1513614
7624602
1849570
8441495
1952624
8301248
443730
3556712
4962318
2943075
974530
3244480
3420538
2215488
5941928
9968935
7061915
5121152
6669588
5822519
8059934
9762209
4903680
3918187
2289715
6713970
2589566
183515
1551625
3512938
7927674
5386656
7145418
8028031
4611440
6147756
3019723
8557335
2126564
4099951
7175041
7941197
9892311
9666352
8663712
3359754
6332631
735453
4185053
3333778
5855304
3436992
4563599
1117253
7004984
8805923
8812793
8611097
9679154
7978981
4483328
1917903
2272360
6115920
7297249
5501556
8976962
1048405
2452382
2209053
1271145
6301424
9756020
7674905
1889339
6733660
4727047
8038729
8932945
8590243
1627590
2254466
361245
5814799
9786303
1758722
7073975
3873461
5310030
1053745
4636228
3936142
595563
6506537
3427123
9550725
5914759
7352595
1748008
2676812
6837859
6764111
9980307
3549629
482138
3514259
5549624
8331860
5580707
7309605
2162612
5320674
4601406
6243987
8130100
9577768
3229581
7237022
683110
9175585
5197691
8253757
432205
4549988
48685
1845352
7191381
2410381
4055956
3063528
529624
1319048
9172811
3321750
2015423
3390732
2462889
5471451
4495944
2983022
9958208
6808182
2608464
6758743
4664590
891362
1182047
2207638
8246215
6032017
4002123
6203579
5244545
7835057
7165411
118470
951399
8815174
4929501
5748204
6261680
2917475
825358
5890100
7997939
7825540
8641709
109497
5369755
8051243
7317933
9734368
8154467
9663610
1189720
1223380
2812052
3553512
8093381
7016973
4290430
5736407
6567419
9364572
9978369
1459521
8277552
9868575
7705940
9473307
1734294
731353
6971078
354668
2631427
6703830
6571424
4769605
5440004
6207498
7520843
6708352
9534785
8631473
7320776
8011484
6432342
9048673
7658714
2418700
2581891
358546
6925395
8136460
286315
5093830
7416732
6576385
7788312
8121152
9039075
1245325
9974757
7325992
858399
8646009
1233447
5980541
7939996
8190141
1282024
1539388
9796334
7353454
7063635
8149773
4248659
5413230
1625993
5927835
1693421
201697
3623346
6093491
86930
3803974
1576521
1990429
519164
3866442
7101147
1045365
7817044
6386858
4330248
6788127
8414463
5401047
5473070
6235466
2412778
8716272
4304318
6267094
9740493
6044813
2650640
9567334
3805870
6103497
2983640
9873328
5985487
2979455
9808100
392305
4746069
8263108
6866329
9222656
6519287
8430713
1847641
8804630
4339272
2382415
5984318
8329378
9383235
5131774
1204191
2054016
3701737
8614772
1807487
3311026
7217061
8721809
1342037
122875
386340
4442331
8679243
2891098
4192872
2110336
6281928
8902057
3447995
8249115
6728843
6090648
3653079
9358402
3496696
6013292
5714692
4176803
8608917
7607191
3909584
1332191
7670237
7019045
9948949
8298636
5648792
8716361
7289011
1360969
783945
769439
3166603
6548817
1382251
4842660
3191694
3512062
1601185
9440751
1014694
6118057
9431604
4152139
8770921
9314380
5709285
8787418
114899
4183673
57782
26966
8260631
4585957
2146703
4302918
5473199
8509934
6161701
5209795
223626
396084
713391
4458397
7212837
9218307
1676878
7126363
9709643
7966914
9080646
8955779
2909247
7320320
5771276
4543242
9373912
4450674
146746
6991395
141991
6514768
623761
8742414
7413849
7152816
2404177
9561027
5307823
8652605
9617814
203726
475062
6508476
9086847
82436
1767448
9488562
7325266
1579602
7276777
270049
9252949
2364268
7301796
5927114
8431230
4637070
2612576
2079597
760282
8110946
2302753
1977195
750725
8692503
5608288
5350034
6236669
5413494
5297468
3565056
6885456
1786321
8780446
675498
4156157
3347104
9063762
5890237
2568050
7462470
5524805
3839509
8307775
2489632
9198549
2836034
3674690
6619969
5839979
1749276
3637771
6829295
8799307
7504564
8795848
9718848
8626139
1116383
5082949
8605619
823742
9619703
2006862
6360810
9863852
7053630
5635620
9816487
7853947
67995
7324161
6030842
2229115
6594728
2407770
7470036
9621870
392487
9438869
6532983
3402581
4139199
3817153
9243207
978881
2770822
3349175
8988676
2669561
6881868
8597537
5400604
4515410
4470897
2400280
1218724
8498697
3149747
8862854
7920889
1365641
9626128
9288349
6343618
4525505
1254274
7209765
1960864
147655
8654643
1813519
9646222
9770615
2091855
6892473
8992066
2284386
1568304
1813418
3754305
5488784
9914042
3080567
6329906
8912980
3537164
8722868
2604358
6356745
12991
5362925
7537165
1199889
1008865
9054452
1122661
7511117
1994358
4309656
173551
4452685
4047579
4788044
1754187
8023635
9455929
8498069
9146464
2083813
7196004
1475880
6642687
9478676
3970
3547044
2386238
2490457
3065277
5199497
8714666
3207647
8209985
2664242
7196580
4894877
5089432
1354365
2722575
8824574
4077733
8653824
8225292
5483397
7820798
4251688
3775821
7197813
5052518
5591666
3967084
2078906
8196507
727516
5280023
8635761
7406781
5338663
6607116
5240700
5662396
6734489
2098669
6123191
9083353
8964124
9162216
8237785
6554096
3964023
3394235
7521581
8188556
1332435
1235351
8677669
6187631
3615173
1210941
7614494
1368497
477465
6161599
9066454
530101
3279946
3006443
1212396
3892286
5116646
3453389
3605293
8278595
7779117
7693409
6423930
2667886
7479541
3074451
3211241
3556329
1280547
1856544
3106129
1634229
5076680
7474017
7259667
9255451
1866705
2058253
5444309
7961691
3339341
9435207
247551
6789334
9052941
8179016
7864455
4333381
9247303
1044455
2058618
1849052
81196
6184037
4622290
3900233
9013171
4332086
2859646
2073609
9719381
1125601
4181137
1527323
970279
4792840
2060189
3902036
2167801
6332417
1177497
1796272
1097578
3705206
6983672
2494049
2693536
3064526
5211279
4911485
7430264
9723095
1026255
2167218
4074837
985176
9567502
2301340
8166768
9692441
5953343
391788
3719723
4539974
5149650
6821308
203914
4593721
1504148
3621152
7130664
4970578
4488830
9641319
4490871
2670591
211737
204546
4248033
1429982
1061869
7346477
5147167
8405818
1907307
1274926
6783782
2342357
2248124
2249470
6500997
164554
4903162
1892090
2394062
6512049
3482356
5584225
42161
493907
6249338
2823784
4919776
2411417
9178953
9698006
2611529
9345205
4184728
6081433
564113
2447310
9937995
5251772
8364819
3585683
8356078
6567688
5057805
7210967
4844566
4418746
8502480
2278741
6510157
2618508
3651654
7466726
2345396
9092505
3195911
1832008
8757515
7405672
2146703
1381202
5001470
8619374
4341610
445113
4168365
4279441
6115488
5139633
4363493
6335272
8098314
9347957
5949777
2792849
9346827
7912895
2817413
1238450
6037517
4209629
8042779
2793386
9365581
1939977
7860771
5881771
6312490
5023239
4639118
1890073
5393332
5642620
2825327
85927
4012182
8929864
1997252
7727641
5878760
6996888
5753088
6885192
2328269
7841859
1516172
6578196
8604524
7393639
9685873
1102068
8937852
1707757
4867004
2842280
5812403
5484029
1047817
2968243
4117850
3181172
901006
9288486
7166504
5573732
5308542
5582206
2685137
9722113
6686640
597173
7559230
3577017
289458
2088594
4497731
2425065
6459588
6970800
2348548
7275526
8394620
1938992
3145424
5105361
9110999
5433506
220473
8829677
1352019
5487039
8316752
9194541
1126653
2919404
4201523
3313363
4076213
3136092
2515859
3398827
5878562
4183942
5686989
6304212
943637
3563827
2897920
6278378
9998951
751799
5317379
9361308
5698557
7318314
8875143
6492637
7823510
2895787
2758909
2198999
8302454
7069863
9892163
3302018
5889495
2031162
8769667
7494548
1881775
9362034
9979367
7224319
7273155
2186481
9804820
7136995
5385073
4079858
9029011
4109107
541312
1477245
7684145
8068133
2272753
5041919
6541026
8192956
9504654
602811
3667287
6827053
8176336
7608465
1086009
7072806
7449132
1130479
1793474
3561632
3883398
1102408
514273
3686021
2642976
479112
5931159
8974131
4496188
4821671
9525611
6957883
5530247
7826929
5282615
5206576
7747605
9124880
5432686
2441658
4761068
8534434
1852081
8326255
923900
1650795
8981722
588963
2253369
7007208
5756976
4184525
8332451
7936946
8573291
5418716
3876991
5493298
4143878
2605468
2410798
5755105
9951296
1604691
6826231
4971118
8851819
7819547
1273121
6243229
7200532
1921647
5574108
3014205
4669266
1949188
3553344
2538527
6850834
8844323
3165523
3025764
45511
98447
4531297
8399229
1455958
2971986
1308572
7213109
1134477
8472145
6366807
9692830
8911039
7414979
840388
9812838
6516562
6319240
4389832
1498579
6575231
7773230
2249719
1196581
2825659
7926401
7736560
2035532
1503961
5235434
6722116
1016301
8988382
9403978
3629927
9779263
482589
4545361
5946159
3052489
155556
7503481
2420565
8642116
2993914
7226053
7755800
5624827
3354190
4288300
4627278
1914194
755791
1125236
1692262
8454601
3258470
251528
6700264
4499738
8916448
9404727
4489248
1626421
8741632
883531
6388383
2705211
8176817
5167572
5193702
7265695
7411329
8339895
4012067
338753
9608408
2109853
1064804
9075686
9514066
8276658
8941192
3070456
2105153
8026366
378100
2435816
4862999
4444131
929335
5256592
1070226
8958873
524477
5868962
9733613
3655804
2175053
5594562
7438325
3032128
7944205
2612558
6887481
7958736
5846317
2271303
6810885
5045481
768869
3909809
1638805
5160599
5064682
1444070
8864819
2424912
5007868
2576210
7702397
5777799
810145
8200060
9291265
8846835
7524026
3107571
2443453
4588526
8687639
5757733
7203771
8999765
142241
7401377
8432649
8708053
6426306
3873161
5933706
9048485
6478446
1119564
1118623
2152671
5722403
2392523
4179862
1138737
7346098
5843599
6542798
6028593
5635480
102154
2303504
3648926
7475418
7805267
3391470
9135841
1072298
3691466
4734810
5534161
5742295
8287349
8361334
9861372
118255
9996791
8244598
1248276
5205905
9320319
2558983
3341087
7167989
9915562
9375283
2110355
141987
9762524
4622179
4391646
9472931
6798905
106474
6769209
7673008
9725493
1630636
4353127
7259769
9352781
6267862
1453157
538436
6082797
9844296
452086
2152069
2525459
4016424
984739
6358486
5462089
5923490
7942188
3709572
7694516
6366211
7707754
3991061
3972348
2314375
9996966
2220343
6091287
8589849
5922830
9076821
6905263
6238952
8169506
1368507
8383062
8738324
615350
4164443
4060827
6270116
892587
2783435
3342194
7710054
1326039
3642495
5351179
3569607
4906900
1091390
7515239
4453863
2836867
7110900
2411844
9964830
2705682
2233868
8148143
5094517
5554281
6706576
6027877
9108599
1627881
6940309
5866814
4546523
8367666
6001000
3218315
2208502
4309720
2630339
2112487
4445693
2725068
744025
1266379
7605199
651295
5575123
4008873
6451999
8843799
3243360
2516193
6897105
4578707
1325552
4928210
9208803
3157686
5833047
4160015
5659854
5811166
2063483
3031521
6912865
4728233
9267436
2145429
915370
1838424
4123037
8947806
6933785
6125399
5421161
9452243
3655651
5006915
3508887
2766875
5865223
8085605
1941952
5252014
2617640
4674322
4813614
7635020
77236
5176680
8231698
2120218
3923094
4652227
2263523
1309067
2037599
5015729
2302904
1287912
4095649
1707559
386396
8342800
8832338
9924229
5121649
653369
4760536
1521444
8308198
9118252
2359913
3480910
3090645
6734460
1727188
349426
5097436
7168227
3357959
1980233
2901906
2129178
8311305
3504333
9281476
5363867
2817883
7813427
5451584
1050840
3076344
8291813
6971613
1579675
7066309
7025209
837269
27980
1585089
3514604
3746469
8536682
9341514
5075241
2689747
5731530
5573993
3050675
4967657
476204
1572305
6061824
8589869
9328396
2196805
43319
329188
2913367
3268568
2705704
9757964
4838633
116083
5077389
4319041
9975535
6692876
9272409
6416645
592714
6667905
1036338
2938595
8376668
1347486
1864083
9768145
3555158
6983754
7670913
5701581
6423787
4254136
2060376
9562110
4036267
9377944
5795280
9104508
3628436
9463255
670489
4737198
2825734
5283892
1422772
1469682
5354766
6748017
1455837
7805362
5542706
1380356
5598304
3867501
8813363
6891887
4467971
3218028
9311573
3425448
5868420
2423880
8911856
1110127
654167
3092287
7927278
1981711
2662962
2092979
8418000
4334827
6077638
5843353
9273677
3989653
6038774
742052
7517921
8911188
9822695
6603796
9351981
5518175
6253043
5104002
8803995
1869383
978497
7430446
6494092
9578744
1557088
1676689
8302606
4871356
8093473
5260849
7432282
7945521
7268789
336046
3360940
9814326
3291036
3938513
6546526
5278883
7177358
8814142
4031951
889906
8372818
6797848
3307156
50205
2297549
3039792
237277
4727613
4371954
5047253
4742638
2137901
5866599
9708703
4353295
1533817
2794766
5823990
996064
1677116
5038598
5072815
8412892
9597478
474902
7789520
8465786
3022537
6691713
5052073
4565023
2161708
2616377
8985439
392518
5354877
4819936
5170157
6244921
1828054
4794924
3558694
8390601
631232
1070052
3502609
3577703
7432703
2239288
6483637
8490461
6100788
6393390
5071265
6975247
9450967
4539378
8385052
6716445
1201706
8303564
5886877
1958279
3689907
1492416
8302043
1011669
2598001
8439863
4948688
6975740
2861080
8835301
4050655
6822922
8162164
3008161
6213201
6761089
8716845
1278204
2263614
9551754
7603832
5252471
1899958
5108036
5845516
9618656
273741
1783110
616015
4585304
5896893
682855
1497301
1604234
3437928
9970395
873745
5952968
3569725
8441136
4951224
7593409
5296111
2676604
9387288
355722
6208577
7094199
6496623
5844935
4723085
4544180
2752062
5346995
923135
8807129
5209484
6800255
480701
1265192
2359475
8944396
7962055
8291800
9533163
850352
6312087
2162238
8004822
3238488
3548607
2597686
2722866
4715968
9906589
7404011
1781957
6121300
1082822
1977022
6598101
2307615
1471417
5760732
28118
8184172
9398183
9147541
2604129
1597807
2826242
424811
1241701
305404
1238648
4928516
8808262
5074010
3123125
8956928
1175931
9252086
5967448
2019702
4243679
3583873
6064391
5025829
9034787
6064269
4445223
5078041
9493447
8956987
7603236
4053244
9389277
6848285
3920676
2648932
2229020
6550880
1045983
9699328
6831212
4229571
2156027
124373
8119448
6053817
2840521
1853926
128100
7293106
5224197
6197162
8439823
7235671
505974
100543
2971171
2487948
6188468
6814790
4222771
1130823
3878204
8046573
3877149
1844746
5344747
3210555
4965219
368948
9716116
6347137
8774925
5829524
9061945
6778578
8951942
8076866
1865516
7916793
1218091
1760858
3990857
9633462
2587282
9135529
9549457
6577447
102427
1975191
4555177
1734180
8820969
6876026
8019917
2791336
5467012
3047328
4746621
2875094
6068276
4998021
1513644
428967
6053583
254278
1086144
9088147
660451
3458048
503915
2974790
8185721
6066383
2492413
443584
7142825
8185283
3923973
2481061
3416352
9349563
7940361
9722124
7127999
5626488
2773105
2693738
7533562
1426918
8494222
816593
575318
1712672
1493512
6657764
3053202
7602129
4255683
882480
6833174
1561754
5826650
787211
7218330
3038422
8102184
763384
7921350
3920780
8385962
8057439
3010920
8150334
1139601
3550504
1911515
496494
3673444
5184978
667352
3122255
7454196
772382
1986479
5127575
5173149
7712926
4552081
9210393
2037379
7605867
737227
4765729
1810285
8162739
6343704
6375436
5406580
3829119
1826302
4029531
6621360
4176347
4798254
4106738
6449279
971040
2776531
4902176
586133
6827007
8852923
1720712
5383208
2755078
894676
3481275
80537
9678642
9438975
8332993
1347534
182866
6988624
8013734
8238850
9532165
9778768
6954711
5775150
906836
6769650
3723530
6056161
2750072
9384050
9022910
3212811
9888339
7273484
6049497
7432759
6863747
9120502
4433583
5620718
5629630
8026338
1100673
145957
6262511
456789
3354483
6729348
6671324
6917284
2331865
7971048
4131085
9821906
4480170
7686201
1039698
6673683
2689854
6945549
440252
7595961
4925599
8275992
6322626
7239401
5852549
207444
4100180
3273142
2500673
699319
529577
2433657
9432969
1031418
9837819
174972
8050084
3054408
7882437
847166
8484728
2818492
761967
6578646
468863
9235543
1498727
3088505
1674895
8096540
785659
1601911
3959095
5482497
7539032
8934296
5604136
5336919
3454028
7383317
1361220
8915091
8319623
5410767
222128
6297518
8756462
2573690
4928655
3275459
3995654
8221407
7651121
7055067
9397206
7261859
2638143
672602
6586009
9944587
7442058
8771731
2829355
3239658
5578545
7504440
4880040
4587762
925224
4157695
7341434
571424
7742316
1053709
4749699
5199407
3925179
8266857
3858756
5608975
4044924
424654
4439292
4802056
5698765
3069692
1323913
3097143
4884334
7768402
3961659
2588460
8457207
3721108
3888386
1969462
8086084
8744106
7823157
9149373
116048
5549619
1060546
1274068
1210976
2993553
3704068
9112950
8924976
799064
1015320
7922153
8458604
8012145
2014664
9078872
2561700
3756118
6495287
5855016
1577927
7659073
6832464
7089508
9983016
5929095
7582220
8771316
2365299
2835660
5234352
3578386
3813667
5273554
5724137
4473814
4866971
9465407
8895136
8359957
678532
4332096
133979
1483402
2621082
218278
9123188
1591545
7458462
9068032
624128
3206507
4845520
8454780
9810312
3163518
8466911
2760824
1348858
5948646
7370141
6153687
7030631
3285402
3942266
933767
5171280
6056530
4861661
6119731
6269559
7504970
9206770
2916781
5236435
8017009
4786600
8018681
565567
3472941
8127329
5736632
9368738
5695656
3131116
9510429
7933629
975834
8872950
4968798
6078037
8793765
3670230
7786061
764218
4742376
7855774
7849550
1334419
7125113
7553526
8019408
6514025
858146
9862026
1303340
296374
9904161
7121983
8680794
9859659
322099
3036529
2214801
6330562
9233821
469528
9724283
1984663
2388113
1540153
8918439
2932137
8526284
3844431
5649061
5444913
5813443
7962556
9516833
6349352
3542284
1006440
1226350
6334963
7177719
8901553
6381725
3143765
3629000
4818558
4211185
7353515
7769589
7149549
9489724
329099
1740186
4875342
3458430
9823650
4597245
6425844
5255903
1563495
4050008
1310493
2881725
7464848
4851299
8448927
6041706
5800108
5957545
3413033
3383812
6037352
192112
1466355
1413982
6489349
8131004
2202203
4884870
284964
8105089
8808480
2545191
101087
4262677
7971827
3248048
5819825
9487814
4065939
9837079
8966470
8133229
4362651
3208361
6872960
6778475
7591437
8276548
2684387
5366787
1556888
172898
3259169
9244117
8752494
5540882
4355113
6102521
2151028
3140328
5561648
195641
7776290
7389915
4529542
8001633
5523429
1706114
8288045
6453664
6716925
2553128
9320498
5499588
9358812
2683076
5171330
7429576
1854152
5015628
3641901
651939
4488785
104520
8517278
4162179
6196862
2559534
1110047
6762655
869267
2445090
5310961
1606123
5439778
631810
9664578
3222102
4350700
1142338
9581321
4714871
4258606
1650709
4038095
2914871
9079476
1397920
4055150
3204649
2937646
1064298
3726793
6410225
1041322
2866398
5455202
9391625
560155
1212773
2789523
1466120
1263481
4084513
2274839
7529403
7369716
7366749
6258836
7444531
1044591
8682168
3996575
1444858
9913610
5658306
4544609
2645816
1050252
1732702
1297201
1813457
2242756
60437
4462183
4469191
7708077
667879
2146244
1580168
9873741
8896387
2094784
4649624
9197235
1094526
1486622
3785042
6022737
5705765
795539
5616469
7813472
2715378
345117
8783454
5661721
7321203
6959082
129285
8842107
3420247
4717724
9003771
4516850
658503
4556111
8128916
1426917
6872587
4233548
1952083
4233332
4401857
2756028
8711594
7387
952228
2439842
9392608
1374318
5371840
9018100
1783970
5450528
2239934
2919226
1404884
3216971
3815713
4200241
951769
555114
9280238
4154890
4067546
3650279
7002678
9914551
6716569
7308154
5672733
3870660
3801819
852310
3410620
5481030
1340123
8904144
9449941
7597422
8217982
6970783
1149501
3356606
7828468
6154251
1275792
9531085
2271127
7502641
3789140
3139413
6568546
9488551
5080063
7476409
4885259
9942613
2496708
5337703
8151669
6870730
3285832
7787565
2699180
9170148
6276281
263589
5227236
1569126
3622358
1103595
7446288
8514758
5162186
5719457
3117977
7598761
6524651
7660357
693445
6672236
6476172
9702777
4946581
1176736
2588405
9004016
2897111
8063040
1473729
3907718
6234014
9907824
4042104
6369910
61886
3751045
3353426
940791
8206729
8408387
9726787
4865665
3014658
3540484
4285817
6858731
818495
2951632
2309862
7946702
8444486
3793181
8254750
2665404
1440442
2784734
8378689
7996313
6223468
9034869
9152579
8983075
4267744
6642609
9881191
7687838
7719049
9270646
9745913
3047464
1178548
60289
609678
2927581
5956153
576259
1740220
7393967
252672
2012664
1722774
8356929
9060522
2633169
9353652
871477
9285243
2010807
5038202
3151465
795955
9621948
1687570
1005007
4544193
9004188
4128090
6115011
7919403
9847062
1941028
1044321
2656731
8296117
2788560
1455178
8394301
6503853
1095897
6066056
6246553
9660332
6759199
1938908
779467
3610409
1134390
7304189
9663801
3548118
3596646
2766009
7644360
2402207
694343
5557985
93871
8759086
1533729
7701155
4896038
6401903
7023985
4105744
2455553
8697033
3174565
9670517
3387513
6565436
6895175
6494552
2846280
7642316
3372659
8159491
791267
9310372
1564599
5004412
97150
3054687
7335133
9622756
8921858
9347734
4136658
2092453
6856445
888155
6440015
3698213
6347423
7621942
1033663
4984201
4727386
9345697
389502
902922
4364925
7133333
6522292
7627973
6865031
4577623
9817745
3215858
4167017
1593882
9863189
3679149
9880597
508508
6025321
703410
8677989
5654320
2208926
7463848
4418754
3894067
4297289
9846845
7965059
786337
5583584
2154172
7434954
7486696
5875632
9804286
281757
1105648
7448560
9832503
8678811
4119797
7217042
1248955
9393214
6744616
1296754
2863679
9363472
4173614
8713813
9474581
3546652
3356612
4238119
1035800
3912730
6579891
3628693
8795199
5708029
1512593
4886923
2918799
1228539
4131868
9124879
4302612
6904308
404895
2319783
9053809
2591376
1651921
21882
3338200
9456689
4250593
2962036
5825287
4987167
3289128
2928533
5413062
2111736
918341
3331971
8882137
4031111
6872136
6068275
9515623
938018
1527245
1933355
2012203
2153161
2173804
2824160
2331791
4035765
3667310
5643027
3919364
9031213
6209793
3166257
8811723
9023649
8736779
1747231
3217968
6243950
8543193
41709
9685933
9211277
1343736
5257882
9429068
771019
6397090
1785136
6226724
4783953
1039678
3377466
9892235
5102541
6584357
6647984
6829460
8003761
2406942
8175021
9747133
5744742
2003827
385587
6103647
2445471
1718720
5077134
2580195
7281727
6976441
3194647
7804962
8942332
5423914
916231
269394
9053222
4341162
2084099
3934298
5254130
3754788
6784404
3765986
8701026
7193642
2986597
5972342
5763137
6726925
6855406
9882534
2938115
3072101
6638809
8856992
4371985
8666868
5646489
6175103
3169468
1045498
933004
5752765
2856551
9322432
4009060
1912276
3001706
2850173
9544613
7185512
8247841
4687623
7057074
7814667
4810215
7299038
7802423
8005280
4587200
387096
4746560
1585678
3385943
8111438
1217409
454161
7838273
6037718
2716360
4079055
8412665
504766
9771935
5741363
1283653
4713594
4289236
245929
5441506
4967567
2134520
8106037
8133296
813096
6623839
2830813
9343684
1679051
7966204
4394372
8276113
1387672
5196857
8311233
7145581
5106446
978839
6427344
1937312
4523540
8756448
5832834
6061898
3728102
1021962
333479
3423809
765806
6545373
9335180
4624193
8375479
1361756
9610106
382737
4490928
690342
9446807
5662572
4117262
8168011
1039828
4528248
5542327
4180206
4137260
3441973
4743538
6703022
6958555
5732196
4158996
9399390
405523
3855864
1237591
8047202
8951816
5411281
2308059
5930891
4756552
6586301
587899
7518457
2507515
6585921
4322226
9619884
1633231
764374
228251
9355926
1085802
9733564
7651688
3612806
7200671
99823
5274355
9171149
6499285
2185865
3399776
9992326
8481224
6327011
1197600
777490
3378671
7464061
3705187
7256196
2485466
3765265
4118261
8291137
5135370
1661276
5559633
8753689
6852368
7677958
5902892
8242643
6834465
4739261
5503942
3182227
1556207
3782474
7539875
7182920
7296453
3644083
9204039
2046302
2889731
1990969
6161740
2307183
250885
6438373
6745045
4757229
9018835
1107862
8859804
9807087
5524599
8952528
1754504
8640979
81792
4647438
2889897
7123378
168395
4499622
3655514
6190434
1022248
1270581
6206017
7966847
4440113
1360783
9874053
6798537
3451711
103905
6142467
6189718
6988871
8637210
80524
4114753
7326545
8763150
3839984
8070843
9655325
1399525
2346263
3905659
7398050
962314
1381211
3930659
1584090
824025
7646459
7906425
6421791
7698582
5400995
7733161
8359460
8867490
9449537
8599510
8577332
4557158
6431586
1147108
5433568
5638562
1409348
2283520
8082484
5031518
6108446
8646614
4336854
5715445
8188939
9988044
1189927
3595809
9412560
7103013
4740807
9710816
8821248
4015681
3075631
9672013
7864869
2112460
6822979
8906587
9012764
6352609
9013227
1182138
7843669
987237
6565007
1970063
2161
5461562
8799848
1987214
8413127
755561
7927576
4745277
4210598
8086540
8297648
7068962
1707029
5316794
2782793
1503229
6440923
726078
523193
8625990
4573393
925163
8910352
9966586
7435543
4382174
7920506
1838740
8714344
4706007
7010961
2936041
4358719
1155227
6667507
7180875
6898007
8783637
1852017
8214249
5707284
2203718
4999487
2425731
562214
5859296
1779198
4615596
7057203
2834570
5096767
5805802
2765468
2797074
221410
6942348
2885849
4886442
5426138
3281841
4710424
8549940
2801493
225054
2099164
6981841
3713677
5995847
1493354
9304615
4102512
813202
8748592
811161
5693072
9191243
1541954
6164928
7276283
7131352
4069650
9078376
6508855
7402847
6023393
1461422
4000546
6488923
9617258
2396869
6104944
9319470
8315481
1642045
9860216
5292868
4744136
8052570
4340605
6570627
7921992
1193509
7565114
8461501
2969208
697761
8461704
3893288
3735728
1079374
4864026
7041845
6800451
4700383
6898915
2990781
5849031
4430858
6696802
8596407
2370234
5142635
3220716
837162
8658666
2717149
5956490
1014740
7323663
420646
7551649
8096286
8853912
9369821
4533335
6437660
5152429
6724639
1339264
9539172
1191456
3895378
6022796
7527531
3772381
6084790
4484871
751842
8847178
3615686
3134516
6303210
3767794
7179724
7773766
3251804
6143878
4024174
4575902
2455519
8128093
2765567
5548746
3427220
4748761
272316
5597095
481748
354196
9791298
453523
9396215
1791604
8523382
1770555
8408007
2361345
9740896
3215806
3587258
1316990
3778176
1527250
6233337
7784999
5534075
1138496
2153975
8118693
6534032
5587059
9894499
3919733
9761198
3296465
762947
7763243
4052260
7898063
3484153
2965935
5782488
4986878
2673136
3163229
5183941
3150429
383400
7202911
4602117
1964464
9596392
7223109
1113582
6195057
3428786
5447147
4074090
9664284
3703404
8278758
3312872
4447314
8368750
2197003
476418
8646336
2499841
3429495
4383116
7473536
3560503
3346043
1322494
8441828
7482771
58242
9357155
1052739
6217696
412825
2664859
2309346
6917611
3576442
5377019
2148306
5127706
1053366
8055341
4290367
5306234
2780602
3912093
9590780
3248881
7267073
3228063
7595801
8332762
5043957
1923197
9926847
4757746
1159861
7611445
7743054
9473943
422990
5124429
4197513
8025663
7612986
372763
8681465
6470829
8197336
9772629
6770736
3717642
8628312
231895
3344944
3573342
1097542
4629024
9213472
9883258
2573355
8147625
6112313
4320325
2493567
5096109
3334403
2073325
5542582
1387315
8048574
2930746
471596
8054475
5857718
3860181
7304926
3425317
2144213
2399169
993626
8489520
1767222
2465702
9852230
5668701
8662650
1915254
9968872
4546892
1451581
6498495
1831646
3120300
7522045
16100
6988491
3263779
7467059
8144036
8097511
7404791
2678166
6996207
5910771
5263188
8109191
2663464
992932
349426
7680401
5701208
4245436
8934171
322884
752963
5958340
3890795
9578239
9953446
453513
4360313
8343190
6850207
4152601
4081855
553203
1915553
8585211
4185018
2762812
858056
5472451
8459937
5822435
1878777
6341254
634636
3373462
7837445
5396391
6414875
6457032
5308122
754385
9452220
1571350
2052962
1811639
2156500
3532452
8197145
8650051
782417
3663366
5025661
5401069
4208737
4858395
521542
4132037
5689577
8754486
2457724
5135417
3979097
3897450
3563294
9819907
3965853
6878756
3241849
66928
527998
5491144
9921670
4317128
3121511
7183233
8157527
3597781
8462940
7405369
4031358
9665204
9237093
8342847
2767737
1782054
8311057
7547018
8456904
8345012
9477505
6610280
7342304
8554272
7424438
8652896
3284747
8666332
8742807
483792
2398970
3588872
27931
7307317
6819548
787638
3892304
7098756
3447200
402392
7888060
6227964
9785100
7338321
3727744
7532377
5761177
6792092
8228801
834749
6970241
6904829
5542050
2320004
7353091
11326
4779220
7846584
2490944
7597722
2483791
246335
7006276
7318071
8952766
105751
7931282
8277407
5393981
1284141
3969713
2038114
1233240
5918844
5045687
3936821
637627
6894527
7873867
7914694
8849667
9036741
3956681
1164399
4990478
5088261
1008341
444491
2347688
3741863
2349870
7013034
5433019
2244770
246914
2461184
7648532
3482500
7628655
3245979
2444446
8039905
1963820
6126420
7540149
7301713
179201
6314645
7523682
6552808
389384
2151165
5581432
4687676
320700
6974501
9306961
983002
7212338
8622078
7539563
8290109
5820632
2263399
2337308
691041
1840378
7399783
9750110
1631841
9573604
968910
4461383
4683598
3260382
5648160
2327877
4319091
6726666
1352314
1313852
8733916
614177
4782167
1889477
8585321
748801
3402512
2779383
3334323
8311292
6725668
4160034
5363707
6947930
5125496
5565105
2852194
3214465
2016043
919270
197320
2329709
3120116
3736957
2005190
8893900
2800374
4839358
6914072
6710842
7868457
1258810
8988796
478205
1211927
1951798
1891078
9431035
59280
8442618
5334939
8372119
9290518
9417145
2911877
11725
4547179
4791123
8255510
9002301
759463
3988365
4092864
1342438
9380690
9044022
7582154
3073239
9748638
5844575
4135021
3907361
1520019
7921005
6019960
8472757
2285580
7285359
4083449
4335689
9520615
391564
3746577
6975810
3663357
6404047
6735530
8364490
6171993
2871072
3374036
7766185
7174611
2151724
1449731
2781445
9266299
4092693
3681127
3023222
8709729
3116415
8647000
9763893
3853685
8898816
7988790
8997923
7238251
1172975
7979704
7164146
6249886
7922994
5549410
7514176
2082065
8519094
9679079
4112048
271219
9824336
9092821
1254632
1995974
366559
4739665
4525673
3939645
2508461
7177439
9027805
6516237
4289358
9598326
6192643
2712131
155344
4497036
6539294
3623042
4656022
1753557
6977407
604641
7814450
3827141
4412903
200186
2757214
9317671
270200
6297778
2088597
6465723
2098304
8653255
7481779
7968396
6222029
8093706
3388542
6954909
2136070
189516
8333327
5079019
6653585
8937686
7350858
6828917
3287077
7287928
5479085
1217381
9090734
993372
2456685
3217975
2795000
4969723
8963290
8364071
9235080
6766971
1159923
7137774
4685867
8236310
5523461
454863
574190
8952510
4763407
5027541
4348585
1646897
7870757
3351950
4992134
3546910
155133
2073405
4047770
3838660
2199426
7526624
8786639
6357321
6220121
8908869
9694729
737485
375544
7887541
4863920
8638865
3421277
5954921
2808580
5529261
9372277
5376813
8453020
9770177
1491062
2268024
2329588
3670740
4017026
9483320
7443824
8448561
9035931
7456483
9857463
4759199
5566866
7092244
1466923
500190
4188689
1058937
1083640
1406173
8801302
2994708
3229365
8307727
7602961
9848361
3275022
3386968
1590183
5266763
2910674
8187935
25277
1428125
4339467
6953996
2835811
6221092
7957270
6405377
9645161
3401742
5910396
6121739
3128962
4098976
582637
8110103
1596871
8337521
352816
1990348
1970045
9971818
5700425
8626086
1390177
1269638
6593033
1871096
8438871
3818284
2411789
1730227
8841242
3453067
8303327
7579229
4847987
3568801
3240712
2665653
9007866
7367617
3844261
425664
7959157
8207037
6197967
4319180
8183217
2471865
7667499
5607192
6503937
3161692
3303881
5438787
1420114
9905503
81289
1243380
7811891
5428460
9345789
2724585
195767
2581719
7788064
6887421
3822219
8719903
4057817
9706373
8196934
2198516
4015642
621516
4362353
1975086
6033524
7379160
8013128
8540494
6720003
3045290
4017362
2536346
9689839
4358477
1047714
6324610
6710707
3074953
5506798
7887485
1452978
7163347
3538085
5504872
2835624
3220676
8207858
7506733
35978
8128567
7268573
4353022
2492178
5255808
3965899
3475430
9276331
5273472
9576620
7625880
5905026
8865868
3713044
8501138
2903708
7813671
2760993
735067
7157239
5871340
3151926
1217702
4335596
3950951
4294161
3156863
1820304
2371612
1394027
3013533
5270966
3109262
3182377
198737
8530922
1224624
3013956
404904
8940316
3955674
9129589
8658094
3264631
3531995
2365197
6384947
4140524
7241603
4926421
5751851
764666
6424114
3802728
4410104
957689
6293398
9816880
1169434
2286799
2276781
2828324
3674644
2062565
571398
6395654
6480067
2046383
4926180
8530053
961474
8956743
383906
4073395
6239800
5325907
247805
5590922
2841912
5624029
3104024
3727140
9399723
9524074
9520856
2514439
853967
853284
9884739
7897238
9464961
3877281
8621569
618854
8767520
5789609
9487686
9530187
790814
6897650
8884347
4355630
870725
2653740
313516
4411861
2109561
582235
2552662
1728265
9370062
2247801
5480253
2498825
5878089
3734819
9701906
4029534
8160917
4130563
5407486
4407231
6623783
7673708
7669670
3159273
3253659
3013290
1898770
4186756
9766086
1420861
1878056
801188
9411531
3673336
6752702
8856758
3909019
954139
4867187
5786234
5393570
5200987
2403404
1074740
119764
7413485
2927344
3185571
5108522
6066386
3282819
8379493
8903544
1991145
8473037
3655162
2874196
782583
8261236
6532914
6473156
1832289
3257381
3750395
3736913
8354015
8241473
7060570
454934
7319537
2053670
5471946
5009601
8972457
2015108
5547139
2151700
6185812
6081313
8073690
3989458
1816809
8688098
2558661
6947083
5063540
4304038
7866050
7888279
4974040
5165421
8994755
1321204
7161464
600119
7791353
9442200
9387044
3192993
6387543
6884579
9370477
376021
1192736
3678549
3971838
8743674
4162466
4027883
1592106
3162234
6637494
425039
6973892
7821047
3152177
2958920
1010747
7771067
3902176
502666
7998590
1630019
5974995
5280560
9503377
2939388
9896835
3477314
9012534
4465556
6857713
1289767
2302675
7204294
7329468
6489822
946167
1076804
9402594
3227965
4849807
3641799
4241720
9646733
628974
2985539
6363682
1182619
1273364
2649451
4645332
3118321
7530578
6451089
8646068
9263467
4364825
5576255
9302315
3848929
4911795
8047794
7692430
1922441
3181565
8380641
6423222
5171602
9848022
3311055
4154997
4609676
752473
833832
3657772
9202634
377289
8720480
6309801
9954285
318944
5199213
3823726
9680527
2566220
2609034
7679790
5894802
978500
6480257
5505171
6915465
4635533
8879356
5786120
5848728
6095514
826506
4869810
3946847
4917097
3576257
7402092
9731950
926510
8686490
5985498
8022450
6293668
411140
6928523
2448341
581936
5816090
5726076
8934761
3406036
2478202
8311017
7023063
4014158
9901123
9411378
9223482
7317507
4845025
1082052
376501
8321862
3933972
6958493
1915283
1668790
82203
5135524
2149442
1855196
7793357
9720499
4365924
2159362
1860054
2112907
8855356
9464150
873878
7039381
5997749
7647847
9787911
7165470
8724155
3046368
7045489
9789938
9193576
3235492
460724
1262025
6775534
4401075
3745470
5271829
5779573
726536
471711
8445267
8460131
9836208
3535467
599863
5068397
9011357
5974810
5904722
5252587
5716469
1058174
2178872
4556726
508395
5966585
378538
5057863
5971990
7809677
1736276
1146882
7206141
7350271
3126271
3894855
2904424
7571479
2086518
9143003
2690034
8582869
8346906
3901594
4763671
9573298
5495479
8177502
1103701
5551075
9210956
3887311
1995108
9207375
5765560
664807
1096657
6408434
5960582
1525952
9740409
611342
7627918
2709131
6677408
4210856
6750112
4014139
9137084
4504167
7896592
3959443
6652820
768002
1291674
9342584
5940848
7325134
8174249
1758292
7927942
198806
4272457
6508885
3900972
5852945
1924953
4714247
4940893
6914414
2307070
9208370
5051684
4369595
4689544
8607673
9265944
3468907
3220060
830344
9236365
6268641
3670319
7436488
286096
7140812
5133360
6275138
2972797
3600743
7707658
7260213
2000413
7744639
8392182
5201044
9891888
7085939
1012162
7381743
5886419
1946714
9689601
9259097
2790897
8481858
7738793
6188267
8005778
7283335
1123362
1852705
842414
1595379
4678447
4658536
2935808
2766701
6249397
2155782
5309391
6536800
9579671
1257189
2213860
1850177
6250616
4595415
731075
838240
3838447
170557
8222859
4130987
1178896
8052289
7532934
6270295
6240951
5940322
7168502
3110257
4340346
5472682
1964847
4964342
6453763
5022024
2719870
9438441
6957429
3095754
3727735
3747614
6774132
8021147
3411729
6175363
3513827
936138
9088559
1582255
4542817
9110029
926098
7592731
3236120
3826020
3661823
6892722
106986
1305799
2206140
9262098
7529518
7761261
9332879
7926492
6483313
7536880
7749078
5932085
4385757
7534721
8023203
9323297
4523739
8012634
5094828
3347863
5618737
1474497
8847857
8329588
151769
9496197
3440389
2159531
5574657
7351824
5457933
2096384
1883327
4641285
9004435
284114
9541118
6249680
1602139
9899847
317092
2787964
4937800
5421630
4213039
9595689
1396539
7847847
9925169
8367290
2606838
3691528
1604983
7306894
4903096
7770766
8867386
261051
8318781
8695324
6963955
1762598
9379276
710185
9299409
8647849
9622316
6286006
2509492
3653019
4095097
7054273
4019279
2704498
1152565
6670907
708045
6379396
3886271
1507431
5551325
6823409
1987314
9480221
7707243
9701156
5767114
8339796
5463708
3139579
1105809
7074790
3554376
9460898
732361
1456495
9919853
3981668
4551728
95379
9453798
1700692
7658544
8984334
8508780
7580642
7400587
6898178
6396742
3014891
7637693
3878721
7431278
3959929
7520754
3483751
7319405
1687160
3535661
6364259
6110746
9982993
3009065
3128893
4633732
6592492
1923959
9262891
6711032
5386352
6970379
6898755
9416816
3990956
2363816
6908510
3831491
2293779
2866836
2281031
4683612
6346176
1054012
6752327
5821307
3843880
3153955
2166981
6225367
9515032
280398
9873777
8551000
9723012
768567
8769735
4139155
7096491
4215269
5369093
3469129
4755759
5582478
4930949
8706911
1233315
6762293
4142697
5009017
9887395
4160803
9058677
2355818
9727643
9643151
3338065
538154
7870601
5463963
8551448
6494203
1701881
5440674
2534725
8065769
5318760
3888377
7264181
5985630
3416512
2778768
4022942
4217086
7999000
9928163
6298567
9426508
7915551
9928731
6158640
8128244
8835394
3916830
1179952
4642271
1234274
5277773
847416
4615424
5186018
2785078
3648237
380971
8219283
6588381
1707590
6417211
2910817
4160265
4328703
4869749
577230
2114906
4227775
2018734
3575991
6885031
7063878
4648770
3931716
818641
8704848
7676555
8536738
9538526
7469884
2970733
361999
6474655
2515838
8080166
9108400
4395707
1914574
2329497
8768916
7438425
9215767
6669002
8216821
2517046
9771789
3662560
4895415
1939301
153235
7326841
674860
4246491
3146276
7275006
6470531
3274636
9902292
1041030
4061593
1445209
9153957
9369675
1722551
6541695
9863290
9167894
2179603
5124322
722283
1026590
4952641
8412386
2981128
3916413
9727345
5277960
6089764
664836
9390347
924870
1923809
27194
7659975
9291711
7931570
9255985
3271
8925789
8627381
4030755
1561551
2438199
2692729
9589159
8218410
707328
4102920
4535571
4252481
943650
5564112
1118123
6003961
650282
1935019
4116012
4313692
9096279
4620634
1531246
8226050
4987034
246192
1550808
6350032
96971
976139
8339409
9963712
7490101
7800472
9429198
8562103
3623777
337205
8814680
2484425
6749714
9549970
7535734
5927500
2038266
444462
2820078
5239636
1449427
7657930
2565211
4843610
4747707
3761421
879312
4276909
9161042
6799646
8110680
6992272
5658094
1184090
8524272
9434730
6537458
3171839
4025573
8057626
1558373
3022016
9904647
9301195
1472673
8820032
9925466
14586
7887614
9640391
1952977
5809058
96144
6390666
8519492
7978690
507441
6803935
363452
1809443
8107498
3280728
2311676
4716880
7548976
3493301
8662240
8918302
1607087
9302417
5025378
9326713
4749503
8145689
8546613
4475700
2393142
2116396
1762036
6240521
8812539
7091643
5982121
7974904
9564652
9680047
8740485
1898768
8753243
415641
943425
6802055
2798303
8741981
8437521
4599071
1754989
3530723
6301692
7018811
2059947
2387533
680114
8272796
3502396
5242728
9253443
1490539
3726509
3837529
1836481
6213807
6542758
4602099
1845115
232849
9483970
489724
1869208
3374419
3911684
6715045
4925851
2404361
4301289
1426208
4535791
4848291
235793
2925791
728178
9413488
4302394
4741384
2152578
6834920
4854023
8777861
9363581
394286
3348089
1252666
2931554
7805210
3516795
1911309
9103048
5191027
2307968
7973591
5574990
7004134
5436173
5017945
7608270
1019252
8824511
6432165
3931294
1858460
7926070
7827534
1288050
8858518
9157077
3244247
3012340
944212
7455132
8239950
5123725
3198829
3886966
9679889
1845491
7884339
7158461
933268
5443212
2921167
157336
5674968
7670606
8635732
473116
6878004
3555261
2926989
5644713
6964309
282553
7555271
4678559
5871006
4739352
7482684
2505073
5559354
8172372
5678146
8688295
3524477
5553705
6894516
5077205
1288818
3539487
3123113
3668235
554313
3567940
7337649
71613
5186924
936051
8539417
93727
1786977
402136
8485514
8566501
7120548
549242
6400595
156375
2763237
1917458
5843175
468633
8316988
8283679
5880073
8771253
1227789
3671242
6387892
9144647
2200019
4924188
2292917
2709162
4492310
1108087
2134796
2180467
2877824
5961706
6287120
304200
8895117
3045896
2588279
2458783
4099910
9413806
502641
4301318
5383115
6937840
7718833
8753593
6137497
3496453
8055532
8010615
7701115
2312361
7022606
3102152
3815357
4069004
5879990
1089100
8507324
1439241
6228686
656975
9824193
7866534
3172854
4987096
3175263
1922804
4614582
1276533
172901
9900708
8189783
5742955
1694425
5336727
7291649
2255478
2200275
8583821
5742750
1239752
2081591
5188222
1367216
7841796
7639404
5617861
2188745
8800517
1017198
1633949
1351316
9116925
958929
5915971
1635363
4831303
3027473
9777167
8278672
9400011
145350
223330
3047998
5957426
6023120
5529056
4501897
674595
2378499
8690511
5482662
7466767
432572
7976996
8737673
1929538
5287436
8735365
9458301
1569246
9138671
4012927
5657554
9026982
3580735
331245
5522442
790222
7122150
3053105
2924445
6473426
4479273
5696685
3773242
7288627
4603042
5409866
7951598
4975285
8729807
1708226
9975511
6484606
746338
1775881
8171115
8450702
1501468
3747623
4585474
9547285
5764770
5499287
3278040
363475
6310666
4974063
1960008
2497055
2807401
7486094
2476873
6667197
1776902
1531670
3808106
176637
5300979
7620661
7369463
3262054
3957893
4570236
8096650
3329469
3449627
1547388
1782569
3717409
6375368
9880623
1355264
478321
2468390
6171207
6178710
5073513
2049177
3825066
9208145
3023451
709030
6653180
7742557
4698895
8464301
9072888
4680054
1953855
8937872
8696627
1418174
2790109
5608603
3706719
3391471
4540687
7345933
6384228
5831672
7567194
6653266
5839931
5616492
714828
8696201
3363174
6368733
1933577
2521283
8236242
8212727
1390650
6717182
4179432
1930132
3162777
557155
12035
7765288
4979366
6898794
9771681
8922992
2153448
6537261
4448005
5208452
6522124
497973
3039473
5491098
4162855
6836544
135650
7281142
8484949
190908
4224869
6681160
1589033
7670757
8459563
4319153
9883877
457141
3419362
5031535
2408084
8086093
6761122
1161817
7129653
3728598
9287967
89554
8866807
6041149
507905
6900440
7183778
3821667
843606
6358698
2989146
5887189
6020598
9015651
3395290
6507190
7129407
1917885
2608497
7161423
208866
2992689
2569639
589487
6334019
6859331
3285673
8162676
5515317
4063864
1877493
3683465
472733
9206222
5104430
3015375
3145819
2952837
5994440
3902608
876775
9460091
4970253
6340725
4456585
5302871
3475884
9071872
657558
3971030
8402492
9593650
2907245
2719237
584446
8388035
2502304
6116414
3010172
3860914
3036397
2150447
2966587
1066223
6883172
4176804
2368162
1745909
5930394
9126928
1912402
5064597
9544356
158993
3330212
3221040
5601883
5148121
3197173
8535883
7798126
5989382
578854
6081900
7426122
2441480
7014086
2485344
6128365
3511233
6546687
8764878
2506323
6159007
3309354
2741785
1489899
6552515
4180713
9263655
6545914
4667809
506573
7141491
578683
2883209
2068339
6441344
5884463
4215021
2471088
4330198
6275021
7284759
7139820
6599334
481878
6567767
1719688
5082646
6493073
5843855
3577428
1431186
3677862
6804775
8670428
4645302
4811205
3565106
5616747
7989469
5278742
7635472
26884
5131060
6914666
4622034
9362153
9130042
8494257
4832426
6525126
1092272
5290868
6259157
2484078
9102451
9595360
7770622
5169358
9611622
8967161
883071
9673785
5730049
2172038
8292029
3833307
4161239
1164541
6092078
6756782
1064834
3640498
2043727
6124724
4974654
9867994
5058856
3769590
6509368
3291105
7982753
2198369
3196122
4640222
3315199
5494622
9470951
9867059
6501860
5219427
7445067
1849417
5465429
3521473
1041404
4499790
5648983
2696518
7116646
8791724
2957514
5233702
456761
6953154
3818709
2594601
1750105
9839518
4974117
3196034
5312381
3515279
4552395
1094945
6421136
1298610
5565318
3482530
1949994
5000187
2340711
2068283
2603289
1944068
6312823
2948978
3583331
5681804
7270587
9860156
6808768
5862636
8975052
196488
6481237
3712561
986702
4825824
6994763
6940497
5778305
4348698
7399660
7460267
4842825
3793244
4391233
8129725
6989520
7032164
5106740
6734798
987772
2985233
6650882
8184328
3580039
1085554
520497
4119618
6722060
5155853
1544263
7892389
3673076
3978478
426844
8057675
5731189
1100628
5147843
3842896
4174592
7732899
5366874
3280137
5432166
7996213
9837818
6810345
843727
8858842
181168
2973660
8283934
1518382
1376228
2835950
9015660
1261252
486444
5123930
1805160
6166815
9050937
801072
5221898
8774099
7127061
4417402
7799480
9328773
6808308
2170671
9801287
8757182
8014539
8324
1129253
3377705
3073389
6517276
6263311
9056170
9645389
8337534
6361653
3452315
5839721
6044097
3876205
7107705
8641501
3796298
2193832
6788383
8746277
2996370
1346280
1206022
1698133
2309736
1849206
7915394
8332308
4663087
2663873
4518948
2344580
1895311
4802257
4297507
2293392
1674796
4427650
9246885
7657229
2185670
2126115
3390067
6698818
481994
1711954
6972484
2751622
9720494
843713
3470880
5053913
2512972
6833740
9113178
768154
4444353
6613333
9826725
5363904
9132244
5802957
341100
4113220
5468280
6143680
4711454
2068320
5905050
6560269
983657
8521299
5485784
8432698
4926596
928123
5654936
5498081
7885793
3340310
3122495
2175338
9065936
6126587
4205519
6696407
3081184
5968298
4134317
4443797
2525388
5775355
2948683
2028684
3996801
1117776
638763
9738673
8515369
9598230
2037101
8810321
8145623
1944832
9651053
2961813
9235514
189668
1316394
5612670
9295359
5822481
2439401
9072651
319705
1688897
608412
858361
902163
5973040
7576546
1848860
7952626
979951
7733730
3463399
6644020
7308107
1019649
5905871
2760393
7370394
7192273
379905
4771882
7827196
3724032
6905418
6445563
7793564
419843
7282404
928476
1979376
8945892
1880840
7409364
3794933
3409419
1935838
8867220
6239382
1584546
5314235
7456640
3575415
2240870
8542274
4486745
1529162
1653844
2715570
9017213
9262662
1278964
2209130
268410
2483965
3395596
63060
5558008
1547413
4110931
1346715
1072417
1818300
258944
3397364
9986619
5697484
9343501
3943021
7155565
4328953
2292816
3525616
1925887
9418650
7166846
5048999
5491353
3892339
3849206
6662533
4296199
2912525
9086540
6655568
1627373
2030156
8003209
9481206
2350751
6825383
6441658
9764525
3294212
5473659
5301168
6359241
5325268
2110205
6430880
8177176
9655544
1330761
1013771
2413637
2843917
9105853
2133955
9023488
1060113
1290055
6219422
5013258
556049
7894959
2857980
3845715
9405701
8059748
5508126
2226660
3773796
7382014
7106657
5391189
4806893
6683114
9170354
1738399
7596364
2801277
7697945
9921120
4226249
4848324
7456452
4584155
4341669
9966327
3153638
498975
391390
7975117
715321
2837674
9507062
5403415
4844616
6502341
4658679
8105556
271806
3109105
2528225
6950445
5206617
4968264
7728446
3716946
1866881
8663769
7482413
5497930
5875116
8892744
8300577
8567218
5357335
8787102
8366975
8724147
1975878
6485951
1373720
9458814
9740321
325095
9510611
6851029
8134296
9415450
2771545
2095710
819236
9367799
7019950
3390692
2132561
6415947
876410
9449564
1506192
3793171
5316131
5004808
257198
1688503
6875753
4406111
9984747
2673093
3219250
4999825
3210546
443009
5660107
2111709
4012275
9687773
5558915
7032235
3127080
2352333
1054395
2619412
8064027
6681072
1030863
226756
5085143
9934897
7069665
2620587
7652327
7408728
1837248
4306562
9685726
9380317
558886
9861691
3116739
5734315
2593671
2476753
5141686
285956
7318591
5896163
2725913
9471476
5757980
6551898
5030640
614540
8750333
7159969
659234
6935237
834604
8022531
8371771
6946820
7733419
759815
938390
1146519
3453381
2367909
2570747
6216569
1886280
6502906
2972641
7991304
9061941
8316482
3510293
3299897
5763127
9102700
3770368
4902736
9260873
1103683
7684103
4333392
8506472
8785765
5887678
9275412
2174445
5776924
1799053
9434664
5751259
8791268
1384398
9500020
3054971
7207691
1871380
5513301
2814028
7857583
9246817
1403721
4507458
9182648
3312566
2731701
5435780
5641701
7277511
6216789
3198881
4532936
5924927
5916691
2270210
1119699
3434282
307881
3801347
472865
4734120
3126573
7497741
8834853
5783158
7812982
2087094
9755046
2402667
318413
3651914
4842193
7302386
1705348
5438665
8387424
9271796
873373
7640726
5276342
2826637
6447815
4644262
9831372
4012514
490467
3122747
8783704
5574830
1930448
7444944
3251467
2743690
6122343
7513647
3351484
2673086
3298831
5581593
2442656
7160915
3550744
9716673
8962327
8540733
289696
334532
3265878
4382308
899721
3181412
4435520
6382253
6320177
2511938
1378501
595551
7092686
7086390
7341238
5833425
4699299
6708778
4507709
7830828
7939594
3781573
2378350
1145180
2403120
9362005
9290732
9992865
7569216
6304870
7041572
8844373
3213782
6816301
5310665
7946109
6138690
1234744
5532045
1309304
5259697
9628858
3993021
5827003
8886948
1434902
1500643
4923458
2334336
5541523
5986383
6860182
2290041
7672508
7284646
592710
7770740
6810833
698955
3359346
5556239
2280326
4431608
8366855
5030526
6886742
6103365
9934652
3461529
9431469
9182284
9114937
3971511
7578398
3700754
8139546
730363
8550224
1284295
484353
1176099
5676088
6554536
2762715
9808498
6241928
4137007
641154
4627122
1916861
3085744
6605108
7734253
1877853
2884598
8777608
9914138
2565940
9787474
9649122
28829
5607383
4518039
1921747
1906479
4249839
5412008
3944400
1359992
1382802
7079594
4087309
962932
3799020
5322558
7298846
8561592
3132449
515269
8044989
7878185
2267620
4169686
6288268
6785598
6719048
2077198
6821022
1841492
6158341
8103733
9087398
8228114
2549085
4564341
5534099
449490
9936613
1038128
2323141
7980721
8060460
4804327
7585936
4181399
1981066
7519292
8687711
4901039
4788717
2729207
1617836
816486
4009343
3253331
9107734
3334904
8017308
9244873
5752492
7861138
5362422
9011038
8920503
4151260
4987682
5490824
9170735
4338547
3173581
61899
8857780
4165532
9382082
2419515
7389123
3220009
9777920
4357253
4942879
2990745
2206375
9733278
1409284
1336739
699483
5597985
268097
1867312
7703410
7253112
9909045
3731960
2240980
9617519
966892
479201
3313275
7447755
3008437
5424205
5268712
7008990
8164479
4602845
9530358
78127
5464999
4146555
697403
5202352
1351111
4446529
2772758
2386543
4697894
2009688
9267609
3144319
5589949
5609581
5786836
429882
6839858
923101
9104607
9239799
2988230
7247170
6604262
5939947
7870025
7621635
7564251
6788032
7153313
8888471
3431096
9134785
1302339
1642854
7066632
9912141
8212556
5543625
4545484
9605935
5063554
9660317
8291664
8470886
6986071
5661324
6761498
3298739
5490543
5785091
3960609
4131896
6809227
8431250
177283
5917847
1013057
1158476
6781556
8762381
5153516
8769237
1559649
7430190
2111661
39449
846144
8679732
709181
4170912
2737230
9576128
6155922
7951165
7794110
8580363
6275111
5836669
4523690
1981452
3758450
9924424
1290825
4389090
4043209
403834
9376613
1143043
6543685
9519761
9702219
8611625
1469212
1342793
7831516
468309
6274715
2624878
4148992
9311818
8036330
1028990
47723
8559767
7437510
8479464
5734750
6340557
7497637
8194432
3470267
6888490
5683928
2425318
4667429
5920423
558852
3119386
155821
9006826
485909
7569061
2747328
6084564
4241131
2230344
6187655
6405965
2186849
9352179
9581956
1267091
6335031
1397883
379085
4886623
240350
3840381
6552411
7185436
6660854
5754591
3513491
9688497
9767119
3095770
3670154
5422154
1307287
6089478
6672249
9630147
374425
1205920
5037629
6496495
366978
4106520
9727463
37903
3317324
5509848
8875553
4209943
2348099
2918735
1240923
7451198
798237
5130633
2949652
2917730
3905422
7481298
199005
1477911
6979458
4994074
6394339
8322833
4232333
2539510
4123956
2433549
4929636
531875
8488086
1784714
216197
8104859
6477687
8340498
2856937
761991
704022
559486
5977387
2737477
9212445
9338559
107194
8301874
1930962
7869089
4137560
4343231
1020240
1488872
356904
2186772
3404988
6460064
662052
2859479
9870740
1530432
5729973
7382134
8467788
9463649
1934034
3845465
5787903
618792
7747508
5694962
2390603
923855
7557589
2469723
2957407
7157124
3168345
4064219
1357310
6527956
5503184
4073529
8722661
3549551
1487231
3976150
6216412
1097778
4249008
7455336
6849672
5007984
8088471
3077611
9951442
7284597
1090961
486748
1052781
3772782
328698
1538701
5524447
3221786
8247968
3673369
525605
5817329
304222
2835658
6307580
9918141
7234243
9241129
3034640
340824
586973
7946763
6379861
8570886
4077749
7444496
4055272
1286708
3703718
4360184
5447880
9036913
167442
2498840
4425590
2074157
6472308
7299802
2765759
334432
7272558
1513470
1783824
5595014
808396
5959368
6132551
6452924
4711930
2920983
4515396
4285159
7755552
6535007
7969745
141056
5799619
6617968
647842
5127148
2532298
9091618
9133785
6255705
2194573
5004893
4667532
7640583
3763527
2884331
6178072
5469672
8659403
6231480
7742700
7157444
3474506
1204202
2893637
204678
7573055
8051895
6817966
254613
694596
8356760
500418
691737
1377851
534517
9267256
2710697
8280431
750161
7429952
708114
2012944
9765628
682891
4861520
