6889539
9774165
3460650
8028703
7817780
5252276
3201273
2270644
7555106
467649
6954422
3404263
6412527
3425097
3151335
6300755
2294809
2989397
5723008
9021658
6001899
8229255
3828146
6050247
1501559
992231
8605610
3572255
8648371
5688517
7762805
36364
2741699
4952928
9767567
4615689
8739266
1451682
9105427
5538794
339093
6243854
3879002
3629014
866345
2955062
8551696
6296497
8165805
1691615
8943734
6221633
63264
1745814
8660005
2961559
142698
8370996
8798650
1022226
2441113
760373
1827345
3809453
3297622
2453178
2994792
3394983
5341235
4346895
1964344
6071059
6853664
7978492
2075152
6542262
6606268
2087680
4379082
8600079
7296171
1969431
2704664
6224277
2583723
6932619
1157085
7202287
6164525
7700965
4212691
8644015
7433173
695336
4322379
5753514
6164051
9045994
9833655
9019904
5730555
6870318
6078670
8369157
3901483
3453879
6279494
143462
8118005
3066204
3182718
8147979
8101466
8297381
9249138
4244684
7631764
674970
4106256
8169179
1671076
2867089
6677111
2984669
5559390
1850659
8251960
5653653
2346176
4041339
8801704
9341814
4217715
8009194
4088877
1022166
7563702
8632833
7580097
6245917
3088319
9526980
7030124
4973733
8765870
2200497
333054
6838760
6962014
6515540
1644955
7993982
9743531
402328
9768940
1040382
9566831
9332233
4250468
231606
7241535
6844662
384380
7557089
1611419
8257301
4684193
152721
469608
6802801
1067031
7796148
827465
8515067
6412972
2935643
5170973
3537651
9996094
8602100
2396836
1546855
2758781
1504784
9763652
8982773
5389494
2389923
9319519
8263764
3464833
5009552
2321437
1727988
9339002
2408090
8380274
9991718
1528718
2483533
9700075
9352555
6026268
9317272
2014086
713219
444831
3988121
2218420
8347005
4308631
4910300
4271929
9451058
4773676
5152626
5039509
8458182
5277736
1572164
5082757
1796777
2838460
8629207
7207352
7473403
7871820
3953840
6050916
2679924
5946709
1333184
5357211
6709720
1625323
8659716
1058114
8537342
7244982
4488849
2398144
4833328
384785
9062210
7749960
3920621
9031737
3783953
2010670
541618
7546158
4168484
6686428
1772099
9991448
6961044
5263365
2227835
315429
1221202
1953393
6432638
2448738
1036514
4119318
6869590
533471
602879
141554
8144861
97612
2221025
2717246
1270999
7993133
7239532
4700455
3748321
377698
5540135
295174
4732152
2860564
3581677
7547180
732718
7130968
6952684
9975763
6678389
1688411
5468178
3969658
6220966
8783270
1570102
9945285
8748288
3971038
4509228
8678351
67416
4436163
8748162
9536440
6721247
9441699
9198984
2113847
2195732
8344193
1015056
8696823
425556
6747199
9432727
6352868
2081871
9098279
9291743
1023962
9015356
8084005
1539298
5054747
2723788
9437742
2074371
187351
6353689
6421398
6645433
5795226
8423242
3622634
5789775
5325259
1781728
9736189
9716671
9851219
4931221
8774496
231581
8270060
5868750
8354978
2825567
1295391
358560
4450942
8537769
5368774
2258974
8639619
2767847
1058752
9374714
7193765
8878574
1992
7051747
5349257
6336878
1080174
9144589
3211514
7216112
5111129
2451546
6548216
8056237
9374331
9956001
9213222
4178117
204749
2600316
9004080
4046245
7713329
8474810
5067211
4682856
4635969
633605
3099735
6152231
2841976
711202
1875932
596081
8236394
3188112
3866103
6158764
3018054
8928667
2680433
8471340
9706183
9867923
9534684
3755304
5543447
1597875
221775
1587331
7223965
1046104
1819645
243047
1698891
8229448
5364857
1053286
1623694
2294824
1196860
4539540
2378858
5756263
4993264
4618451
6067885
2325892
6209554
7620119
6924730
1863233
50411
6462583
65185
7140831
7447378
4213426
8236064
1382064
3905340
4668552
231752
1641132
5469881
3586992
5293988
7197489
2297248
5386298
1748266
8556012
5195089
9485098
2814135
8034564
6949532
9608771
6669708
2796792
5920524
5667963
4529251
7862722
8593964
1338525
7856554
5985209
3031253
2666471
4591250
7487541
284419
9650961
4481693
2992228
2688447
4491559
7866852
1438110
6008409
3379930
3526928
3653745
1896483
1339726
6631706
1563586
3099900
7806956
9073671
412212
4644548
9317030
6584257
6981272
2189320
897401
1645079
3416111
2669700
1791077
6286943
3421308
8353270
9546434
1463039
6550252
7250302
9870147
2388607
8203532
7739360
4637904
3232440
1865701
4127065
7247461
3032236
257292
7737518
5293976
2061462
4773924
1322852
8900169
330065
2921272
9562660
4304276
3048884
5244441
2476883
6802260
3496230
4491336
3326933
4184708
5551800
1835178
4893737
1998017
8845638
8202880
7411188
8112581
6716355
3776754
4876781
367395
8554587
727987
864658
33823
2346760
8234472
5840294
499389
2988131
9610885
581701
532372
7714292
5144046
9730351
8733289
7740100
4516112
9723495
7118479
3767465
752781
5971700
2155135
2781108
826603
3723635
2184364
9828691
6965279
6243580
3068451
6201892
6642263
4665819
9184235
3198368
7792078
473532
8897683
4884652
3494388
2421312
917526
7090663
8923759
1690252
820877
7144854
8028488
2162278
8136778
1915904
1267402
9075545
9270323
5498183
1165005
8874813
4498692
8609829
5572736
2842237
5293249
9734729
6134715
912421
3539187
8519344
776862
3732146
6617403
6610424
1070278
295857
6464028
6311003
6731624
9450401
8916119
2241351
9781181
3403284
3823413
9693621
3242220
4435000
1806763
8431260
5759954
4034841
5005784
4608317
5967572
9055764
1359600
2894702
5317998
7366912
7527955
2372693
5466470
9815987
4434297
9819505
9140116
7231984
5031155
4429302
7185212
3014595
238512
419500
3464502
4575300
8356060
6222064
8713410
4441803
7651401
2445943
1067377
2051339
8544696
4137775
1879542
7746541
3313740
2550676
8686438
248753
2075815
3555361
7457965
7440772
3627372
5705637
4525773
2509161
807410
2480468
266209
8264668
9507171
9430296
2294839
7120459
9407408
5813716
7614020
4993767
2273145
9663446
5231870
2436508
5206758
9947824
861225
1337850
1875601
8789745
5437333
9329459
2262842
7648672
7251383
9628279
6273602
3126656
1647575
1138242
6567180
7283268
1948697
3320572
2157195
6513602
9142033
9132139
4977951
3307261
6954173
6853863
4896297
1844593
2009387
3750114
8211061
5773366
1305507
5283109
7628040
1022187
4635123
4276598
5578879
5709699
9537493
4124940
4453162
9732773
2724236
4553997
7931430
2483303
7783003
2315920
2285771
1909579
9534034
4772862
9302908
8643634
7877736
9249215
9721465
3385282
9699235
4356285
3706644
9983019
3486028
3137125
9627557
2596002
2624995
698790
831375
7878679
1790802
8743598
9216765
9187571
9831856
3694294
3183638
1822094
4585758
788174
2478610
6166486
5961125
170140
2799847
2691747
6837266
2210797
793930
5725312
8956201
547000
4904337
4571607
4333059
1780443
5010751
9473080
2929459
4905811
7513105
5536580
2561280
2304247
5797450
9189434
698224
913324
1160514
3942024
424700
7578090
9174770
1372014
9459871
150054
6351251
3648240
5783952
3607737
3665036
6942859
1611124
6466657
7977303
7386805
1764015
7986924
3816794
6719798
8918661
3269254
7898272
2979459
3424157
8447769
579317
9329304
8820759
4312175
4605982
1308861
263025
5335308
5934795
2564398
6765878
3802503
9474480
9518898
7528855
9809082
8026571
3122976
2946157
57320
4861505
1311680
3036888
7625218
4068555
4785680
2649447
813570
7618058
4290870
6763706
8067934
6380876
1326707
9704661
5814490
7663502
8292856
8271322
5551228
7332579
4865181
7558318
5107206
5314310
4988454
4075784
3565540
180100
3938923
1627782
6803425
7083328
368839
410803
429388
6114702
9753084
9301683
1412743
4971442
4944645
5523345
1675922
4346909
2166455
2167730
4850635
5332759
2460787
2408178
8732645
6684581
5070695
7090908
1791046
8480637
1602685
8171594
542629
7472202
6358577
8417193
3819479
1813116
7743165
6379945
9932982
7038728
1640627
3756651
8863147
8393788
5271986
3227734
6400986
3468096
6201964
4820058
3679047
1028289
5107352
5578747
8158813
4015390
5896841
2591814
489366
697800
6343406
465574
4045699
6378622
1580899
8808745
9967347
1219251
4215924
2595201
2313828
568227
4968155
9768386
2351513
7185868
6989033
5585232
1189177
3034409
1524699
551798
7733717
7473791
1486301
8965093
9685713
6244378
1964641
5451626
4599132
9278660
8212217
7444460
6234149
3603178
1321022
9209610
2498236
4484744
2536491
3394248
8339166
4868584
9213526
8114958
1817654
7203368
7288903
2172970
1247226
7132171
2491938
973014
7591946
4392674
312027
5687704
5663507
4714815
1777254
9414268
5389174
2554311
2237651
3527029
4428210
9786400
3413130
5166720
1938385
5801482
7874321
1113259
9727277
5948671
6924631
6082276
2975688
1729861
762125
344023
122099
7950035
7404824
1634838
6573455
163901
3504142
6534183
2092961
1187491
9147791
9978394
2742237
2880494
213016
9459914
9502997
406171
3583049
9468708
2913250
7480964
5626813
9439599
2133390
560963
8251079
7148433
7019044
9738028
8329903
3676804
1480215
7231109
3991158
9525413
654558
1965130
2026552
7771683
9722898
2525781
7127650
9442301
6077733
990070
2066461
7302963
199409
9749623
8413083
4303843
4201327
898036
1926433
9279304
8457717
9040542
6455433
1385209
462959
7028213
4407611
8749422
9217804
9960391
3511395
231694
2533433
277150
8208867
867671
6624278
6786815
6114667
8640389
7605502
7524712
8076872
2202609
8122010
556652
8983215
8360964
3696280
6957736
3217533
3176691
3685775
9073007
2507591
1589556
2124523
5550857
6434617
1561104
5844310
6262039
5324020
9066641
4833954
4715113
4704281
2671987
3613195
6322214
6064193
1345804
8402680
2967786
6961623
7889806
5283055
8563283
3252856
9501626
9753968
4640841
2349044
7954836
7313781
1319246
2954137
5772714
7677322
6304650
3579906
106274
4053353
4912302
3394206
896028
775453
66185
1538858
3413720
9422034
4760651
7081125
8568245
1071021
1939078
2296368
3723424
1641959
3034617
387055
7115829
8642906
1516078
1606255
1914325
9904367
5513155
5520124
2050218
673514
56999
5663805
6774296
1588853
3482621
4252953
9158441
9288014
5335549
6660662
179724
8454197
304019
8974661
6921816
2033080
6105218
8343084
8395399
5402529
9840693
2896363
415137
7464194
446146
3392709
3073802
6970928
6061908
5393912
4960593
9594152
4875667
8145404
3792848
8243802
1984375
5564029
2045932
7393437
2336100
5065479
5043165
9233828
2178963
1449551
9186461
1443559
8494827
7914382
6064438
3661087
8289142
4785163
1444783
5999584
9299566
3711531
9552275
9929400
6153706
7492786
9646089
1244409
559660
8783590
6242996
4536152
227648
6721632
7170901
5424119
6996189
6715774
1400239
8117113
9289354
4256187
7501238
9446097
9326040
2952860
259
8121735
6057574
3736678
7195974
8104142
6476642
4227170
3874253
4434975
3297047
5095816
2968979
1432272
812475
1669023
2066859
4250347
1416601
7199279
5914309
4484787
8514797
5192588
7329995
2793262
7532689
8776442
5911203
3889956
1454467
2034663
7688559
1404047
1875477
2609354
1595356
3273775
1142221
6394097
2213865
6998601
106632
8312876
8626399
1412104
2182043
8788290
3003995
3606907
7987813
4178740
5010449
9641251
5154121
7473005
5225528
6935095
20143
8601574
232468
7718565
19992
8263069
5759614
9098227
5269001
4696534
5960115
373677
4529232
9093040
9662822
1135223
6012836
284304
1701336
762236
7111019
7006427
9850228
3773427
2336844
1763736
8467870
7859897
5589617
993608
328678
6678287
7309956
2883086
8802651
7590594
8398302
646141
543028
9851588
3372187
9862593
3985839
5218561
9262354
3324831
1175902
9284966
2277681
8327285
707146
6672540
352702
9203517
3012548
5864013
1001507
6546855
3602795
334819
9552563
5793765
6149723
3077155
371555
7586041
5423452
3713023
8250194
4267507
8555870
9472929
9255837
7834566
7591199
2222319
9150170
3664120
6911964
5246534
4413415
6563616
8344098
8665889
6125134
6874639
4967276
9629347
3022596
6177302
9902913
5989150
8207333
1532778
2051725
780160
9071016
2222315
6726066
9827631
81019
3790528
7996345
4564566
6275968
3134119
5531091
6911939
494090
9862568
199246
2520832
7999540
7919666
2340699
2058881
3361296
4257599
2913034
1117829
4388229
7939080
754692
8048920
5683546
7398352
3986163
2328379
6430396
7456259
2961472
9407949
2169895
1622756
5459294
1681327
3338423
5719016
9510365
4477276
135087
216573
4808489
1605367
5789344
5295497
7669995
4476622
7480374
808046
2139741
9279761
7208528
468743
6824441
3245808
1032469
4461710
4889296
4126896
2633891
3625263
5749434
3437006
6907394
7042787
6100118
6963465
972642
1537148
8126511
8189053
1150344
1359822
7797291
8886924
3378337
4379787
7939165
9056531
2376636
7071867
3712169
3294976
9752206
3581005
2454644
2990657
9465264
9042639
4399615
4929255
168171
7541674
7647606
2311556
591316
4426210
4844636
5825773
2769924
6094246
6496167
5286600
4082269
4268762
2627332
1702679
5915062
2724694
6253178
8968821
4149583
3627551
8712715
7548666
3078741
9385279
2605708
8227980
2749280
9843705
1566106
6692583
3575391
2454064
9089860
7459120
7829985
2202847
2043059
8011035
9624752
6079147
1694450
3402121
3407716
1782201
1855695
7416863
1946754
1656816
9494578
1946030
5812683
2687257
1400779
6082682
9979128
4391917
4567135
9907884
6464649
3741414
7070460
9385375
2689322
8657587
9891410
7694109
2620375
4651864
232632
6853016
7770162
1212473
9749977
5141076
2254850
3659002
1427097
2639309
781948
565956
5703941
4330147
1536588
7410857
1641318
8154163
1735676
3508360
720820
6599773
5735450
5793134
2246829
7480489
8915936
2767685
388609
5082893
2725534
7364338
7686018
7392366
3588137
353261
8137483
4564897
779818
2528084
5125119
5049631
5056207
2374227
7958855
4100614
2237551
8610189
7895043
1323183
6230603
1209526
7264752
9285489
1605036
1598453
1901536
9358505
460248
3085171
5600086
8547865
7304761
3960635
9946614
3312167
1453270
2221889
4447294
7369135
6494725
6837791
1929914
7504367
8221470
5881741
8060000
7313193
7628038
1101543
8813743
8254894
6455037
3861896
2537440
3881697
3492528
1430868
9641422
4892412
9882749
9851975
2844248
3939389
7454684
6185876
9429444
4249530
9727527
3371844
9928199
8024064
7580814
4364723
5048465
2426122
8192636
8686192
1664350
8230206
3210651
4578352
8819614
3316225
1115010
7340737
171792
7175178
4209217
5513754
7657072
8458052
1747576
7620914
1480591
7705728
5143904
5787569
9379622
6833780
282184
1800015
8606402
2050930
2099211
2890673
4116810
2284608
600856
7671703
2968498
3205033
9051102
9118441
1121531
4238712
8315267
5430867
4190347
636058
2339702
6707766
8484830
2236136
7217311
3572818
9821810
9712556
9792035
6203876
3811395
587183
1571137
3448331
2054082
2343762
268091
7695462
7274074
1537075
7780194
7063559
4100549
641921
3372928
8462289
1764043
742201
8172625
1459600
2502887
8905838
1671517
6065572
4199593
191537
8540476
957924
9859427
2294002
9548385
7177132
1225900
3343548
3117231
7230383
8182673
9255820
3235357
7708063
3867192
5864724
5014442
3364260
4591086
909896
9426866
3881725
6765774
9560670
6268848
6158689
3023113
9420851
5273828
3412649
8190330
810313
9226097
310405
5507235
8287060
6507163
3635957
2210473
8445142
7754464
4243855
4820218
9554008
2344528
2325252
3593743
5908547
2444997
2248859
559820
4758563
6515238
7964916
2167653
1292223
6640924
9408706
4716183
4139261
2638624
490385
9173874
7308934
5881221
3647436
4505246
3631074
1933504
7559457
4839212
9619322
6238401
5807423
6162065
6167687
4985389
6660976
1846769
7785184
7993294
8893654
2843516
2276504
2860996
2356121
6106462
1632633
778430
797290
5625697
86339
19352
9206840
2819024
2699477
3513619
2348699
5163341
5213275
991573
3986811
8410878
466039
6934734
6929755
9073335
1072751
2990067
9005411
5570292
2765486
2682274
5396766
338542
592354
9167331
1666612
9525093
8277260
4113568
9243281
3888608
8173358
1800620
2253955
1517458
5582797
7051087
7576494
5893645
5773317
2083634
7761080
4137342
7733237
9986102
563620
5840784
501425
2001734
3337221
7941746
7726447
8101363
1564485
59773
1888401
6409985
3601802
9673437
2254884
2940843
5202338
882893
1156224
5466994
4274155
5635925
4751747
1813051
2338790
5394852
4997433
5340762
9769397
9826363
9348952
873610
343990
7135772
931514
859350
691803
9289200
5955680
2076532
3611515
3578609
2983143
2768625
8244236
9190532
5354729
3793522
2265120
8374118
8374363
7251313
6053722
6512311
2047112
739401
86614
808496
7273946
8344771
4924952
8907754
2514575
3202304
8342354
3555676
1879500
5404009
4222379
629854
8981757
9078895
265519
3233325
7397891
6467917
4610972
7479637
5691981
1318634
3297269
1004514
1013033
9988937
5519898
2419995
3444857
2809637
8992573
3859476
4429738
9248857
8265063
1075306
5648308
2706376
8596466
6927189
2384284
8990884
1791110
1882782
206038
343525
2922467
790815
3276262
3092264
7111585
6497469
9880200
2144336
7582277
5905682
5351472
128090
3372610
7253747
5279254
7945777
5352036
8691501
296885
262284
1940037
9800361
6135571
9021430
7249008
7626563
9500742
8201545
608676
8111885
5393266
9351814
9667482
742198
1919884
6841958
4574146
214255
6128710
2873179
783380
7840465
8431513
4782126
3099856
1459863
7905978
5930847
1401171
9514216
9654568
2418271
3346279
9682100
3756548
3175369
9627416
1062034
846532
5860736
7477506
6996533
4604553
2804747
1011783
2557080
3720322
1256440
4604810
9605698
3900404
7768768
7827721
2396110
3287729
4676009
5862037
513557
7648103
978298
108230
7010676
574517
9682361
2443350
3210751
3562234
7323292
3632297
8767403
7343403
4984630
9236712
2929538
2554089
9688896
6193282
8021715
6076982
4271280
1724071
7547535
9663912
3185954
7165536
1546017
3188529
1756693
3247241
4147244
4577530
7636242
8182540
507200
9232798
4204406
6836746
9031822
818773
3661940
9049774
4340970
6032371
7212795
1302974
6465218
3769996
7131847
3215445
4885969
7059883
2976841
6908691
1367732
9528083
5916199
8966916
9158733
4764507
7195342
8487362
4053619
9435210
1268796
4249668
7784418
6715839
4348959
1413822
940045
5334750
5694111
8298789
3513240
3797360
976526
3663943
7435309
1255581
7875740
4401932
1523416
179491
78802
6115931
2184197
8780858
8215493
1483941
7251850
1816429
5395529
3961098
4503420
8496071
4431674
8604956
4263935
422666
8069172
7290497
3282216
2810069
4229954
2425121
4724766
3880113
6260795
4102499
3876218
7092903
8277301
5384380
9700194
5012057
8321624
389051
579764
9642870
7380123
7828119
6955732
9120890
1284892
22284
6207763
915652
207962
1509240
9957000
8992976
8770248
4624650
7248351
998728
4819469
8991757
1077846
5263617
6869151
506096
3761694
6845894
8608120
3392298
3091541
3936047
7056468
1599657
7504997
7225283
6569564
8680903
4488585
4123644
21983
6667845
5093421
4242536
9362314
1343709
3245814
7774141
2877978
2514812
7285619
5100869
7907675
2556192
1498955
90565
9064843
5910417
3148908
2440653
8819334
1206398
2161692
7562745
2702323
5259927
6234813
7539526
264212
552479
3724600
7979050
5448142
7537347
7969006
661333
8343683
384207
5822176
2074018
2892316
8269429
1621886
953435
5546215
9217831
1480628
2281393
2081344
3643601
8542157
1257319
4187430
6386739
9640883
7726157
6241402
6165071
9582828
8479691
4181676
2766401
825001
4822658
4015481
1896969
7091463
1819178
5647835
3653923
8318846
6764306
4322205
9738511
4133590
9206471
7037426
5001045
3673467
169529
7924190
1517729
9947471
4327357
6429799
5510959
1769646
9507840
795196
2781133
4802696
2317721
9002490
6511494
6161512
2958331
9186722
7039435
8385160
8181354
7212994
9872288
7371299
9497140
5921222
5536157
9700257
3063090
9305990
4395607
3792884
1741596
3507579
1289905
8186770
1072756
9180469
740947
5571064
404845
1949735
8955527
4223898
7026660
9731896
9661182
5306958
5131480
913807
8990036
88081
9432493
1853151
9944978
748564
2557921
6995229
8584309
7179287
4769839
5088685
8777481
9447891
7600763
6405847
8725660
197816
6860793
5040193
5190441
819907
7940701
3869387
2383015
1214369
3910706
7594479
5983779
3772310
1400090
7911204
2910028
4395329
401552
1046337
2230541
2559814
3415881
891942
1906423
2838092
521653
4149257
4691950
4801109
1471162
2809419
7707255
2702182
8417309
9043101
9976257
9603030
2252851
3758095
7820797
4790737
6726014
7479973
8254122
3166277
831083
74281
1578086
8896439
4477323
1925822
7268483
6840278
2962540
3983020
9319148
6846559
5596583
5870330
5509984
7940813
9251408
9141776
7360640
5565249
7417646
7942974
2522224
6215743
5511667
4570630
8596520
7843227
7056579
6042595
9462300
8481412
8198251
1651948
2369219
9712396
8437716
9030782
9318013
4200939
4203848
9060147
9381037
3455277
8816340
3940301
3875758
1581949
667274
9988261
6747212
2820541
8452179
6098161
7780768
5244552
2416002
4385970
5368672
1533279
4267143
6147896
758288
4157467
6819396
2859553
9775727
5892803
6925037
5415599
1956490
6627813
8953017
7830499
9641578
1546074
3026180
2126637
8775746
8589559
5356201
6291537
6309324
8727571
1457386
7257025
3077675
2853604
804042
4812914
5420404
5212677
978285
9608193
1200825
3357952
8807779
1285734
7420719
7638081
34449
8690027
8043874
4159588
5315033
1727993
4809140
646265
9346542
7319091
1782092
5438442
8888101
6856638
1543836
513773
2898701
223883
9422878
7006180
7911853
1479466
3260734
6952252
4104541
4908898
8047062
4588086
7003635
1453299
1822676
4630446
6259120
2893509
2793325
6594184
8371278
5831080
4315666
1253801
920126
7631910
1266848
4170285
1664173
9756238
7120990
9381691
6618500
9072995
2860938
40916
5233943
3642711
7774257
7521604
8911711
6071754
3454430
6039014
9545565
4058962
4619288
2994894
5140597
3821869
131645
4037127
321355
5813094
2285646
7511242
3294233
1283005
8701948
8072526
3040827
412857
8075046
1700747
4191352
7726240
9528572
2217631
5250292
6734127
994166
6481911
5909556
3413111
5057991
9732331
8777000
56085
1974385
4143640
2771177
9281990
8322253
5233367
1701161
2026392
1518852
9727367
4262532
3588045
1907717
1898933
60648
1897423
8538036
7739707
6664034
8709206
5339776
1396771
3908210
7123111
1833270
1238204
2116585
7683388
3803150
7144048
8833863
8034514
8263683
1055535
4377869
8499943
7953915
3958260
1110288
4902144
4449767
7557307
3390909
1388040
6430556
5683494
2183310
7016961
9273563
1964792
7929330
7388450
533704
6719089
4336681
7279114
9806864
7848646
7471321
970086
7925475
1485313
86982
6835144
5117400
8757758
5408895
6104335
8037295
7353611
8841315
528647
7058742
8247709
5926244
8287628
290993
5404515
2264857
6184918
4561315
5050765
6557610
4821890
3154270
8341883
5665682
7335562
9019561
989475
3083178
9448946
6617051
713097
4219190
8321931
1276027
8539641
8172216
5409447
1640897
4754808
1859987
4178810
3696814
4076296
4774496
9144757
9266695
721662
6370704
5544584
7848681
568024
224407
7823815
6883969
961157
6919661
1170687
3095334
1018123
7586996
6393660
3164569
5690467
607188
3109268
724551
8944658
1929113
5496892
3535415
5110789
9125177
2241714
4903064
3980884
5633887
1460431
1217883
6664601
4725078
7840058
7458032
3324943
6394394
4634362
2688461
7304773
6819590
261398
7666738
6428768
7053125
535067
3483645
2562629
3073123
8548234
4168090
4570621
3644187
351070
3798761
4333095
4590864
1551561
1149616
5877706
7916903
492410
6884550
1242901
9662206
1571625
7047755
9046327
9410365
8585631
3358481
3366369
3702484
7333885
4614862
6980291
3987498
7957796
6087150
6510514
1995614
5649114
9762138
4587104
2523694
5081058
557207
3097975
1406024
4529086
7333354
2524592
4747927
8421585
3242853
1500220
674869
6807369
3232243
729555
5066556
8401433
63815
6088812
8453675
7512431
9282969
3475132
8770234
6193594
4192891
1189662
4354753
4532306
3655736
4460697
257151
7868356
983834
8047829
8008220
5709368
7646589
8963467
3591284
8511985
9752060
6558216
6708533
5495022
1348445
5956439
4547147
6328457
1224966
4914661
5259652
2242642
3740115
5146292
3159717
1133876
2725825
6291907
7629945
7291524
4620483
4848213
1640567
6292048
6307960
3603187
1763207
6382777
3687689
7808941
6741658
4775983
9416016
8264186
58466
6224584
3710884
3533536
1411172
2820098
5077809
5146226
6207117
4974440
7619235
6742273
5265640
6927324
7862800
7343319
2446075
3376234
8646304
9456680
2888044
1056176
8782400
3232618
7002240
6166678
8500648
3453310
1905638
5644421
8937305
6683696
4425188
4596550
7924019
8039577
2766802
4351248
7380372
9099264
5063966
7729117
6089131
9959266
6687002
152142
4342009
1235073
8291833
5503941
1342287
7765021
5745351
3887718
5851850
1984855
9081609
1369309
3819171
365048
565468
9839735
6122682
9472827
1451407
3219555
3568953
7849838
4722513
4364152
9355071
6719323
2644737
8325233
9361954
7863729
434817
4536999
9510808
6404407
7536656
4932006
550419
4327155
5112393
9857834
50481
9020419
9527214
3547333
5500362
5213448
1221283
9954420
6101875
7838118
9785293
9935429
2722406
1459356
2668335
998967
6200425
6907160
6779101
1505816
7788592
4154153
8796831
4311188
2573102
993483
6913251
4206421
7789089
5573221
4615609
1331891
2485282
7228103
1282576
6103231
1004849
3120297
3882547
1688759
4392787
7599282
8145266
3412201
6411175
4164189
7492138
5929170
9254404
5884118
5564968
5038591
1499595
9060589
342141
5378419
2045496
1420019
3696960
9174171
6705681
1312343
5811092
6813241
6037771
7317672
9357389
7430607
557742
8437981
4239047
2553020
2697919
9907088
6704917
458598
1412827
8900230
2327405
7652627
809767
3457425
319557
5847489
921293
2105568
8018048
9984906
8578196
3109664
404147
3127971
586684
8364582
1031002
7793320
8785579
5994231
1770535
7906104
4624612
5565383
807799
1178985
4712806
437063
7131804
3057522
3373381
8684755
197545
901538
6757935
6399648
2929844
8126661
7827649
2076107
3586154
4898698
6833897
7092519
656247
8151647
1303330
1344092
9909936
3024229
8940218
9997254
2671697
2073675
2259426
6339006
2337502
1679346
772798
2300007
7762792
7607226
3031658
6754748
7146808
6131878
6752382
4177374
3166866
7700980
6973499
5840516
3896231
2738468
9144047
6675274
5444580
6602351
1520304
9196391
1876007
9881858
7493092
8504972
969007
7726072
8615374
3361948
1355620
7277101
4558747
1374966
6549314
7145683
7267609
4444233
2016616
6793828
4425405
7140527
70816
5142665
1263639
9866171
625065
5249414
5123558
5228617
5953203
6265915
2220517
9436215
6022610
2537255
687492
9139702
4956442
8059201
3705510
4205087
4027311
2676049
5606335
1075656
916136
7287576
2500389
1403002
4049520
6277867
9919971
7542490
8343544
6271895
7350922
904102
1345942
5092759
1675237
1208745
7224251
7226366
3169415
6656560
8574293
1442132
4726882
5754502
2225910
9808258
1946118
1452843
1880859
1137666
7510053
6235587
2093981
5562989
6751529
9303539
9799008
846050
903465
4329104
7663515
9175748
5131318
5361236
4032769
3780039
8585226
1355498
3154850
3979631
9972955
9573766
2788398
7091803
6194904
1647205
9142634
2453914
2351398
6940475
6014871
7310363
8989860
6347655
4473130
9418725
5419508
2279883
2037635
4446003
3735848
9231248
6834544
4654308
8039431
7432430
8981386
2603046
6987222
2581352
2997198
6653322
5737891
7783490
2208395
558941
6591389
2810257
6664668
4268116
8355914
5845702
3554648
7629920
4459537
5238612
5489481
4869973
1414553
7981464
7699582
1820811
3117521
4827154
7421578
6804500
2233936
8318099
2122384
5141499
9864337
671623
9359132
5862396
7413504
8712549
7389808
719485
8104627
8862183
5935362
8419996
4844440
4046301
8754502
7053408
5536370
2409172
2241470
8529642
3085746
3446646
2069385
1073502
4501699
5383552
8001871
3442472
5177844
4383410
3212234
3363405
1298915
3056697
1344325
36512
7549718
2668355
1403128
4366707
7676639
1020651
721743
6689218
3688078
3225014
8660933
8639446
221581
2892950
9158022
3481105
1786889
4467475
2544986
4416051
7085651
5235958
4037648
7972265
4527775
8245749
1339124
4482218
8012320
7476926
5090620
2351104
9109113
7038042
7249120
699105
8268329
7110653
3612533
877951
8661100
885962
8152725
7213280
2884222
6571157
5353545
7486041
9333745
5994782
3291741
9540247
6162531
9086844
4191783
5365546
1069663
3097942
6090325
2777850
8219117
9721735
3227064
5246632
420234
6293559
5647901
3507761
1850067
5443212
5338991
3299160
1143977
8048747
6394958
7378558
9446968
4909730
3260136
8212915
2040517
3041652
25727
4679759
9647228
6880489
1352152
6216508
287269
1383667
6610345
8219796
609908
2451793
5957287
1346816
9019313
1780072
5082597
4926355
401253
6266094
8758913
4939346
126503
653232
7950621
7905469
1652165
8224861
9875201
9786854
6495585
4493516
1947144
3545446
3935780
1643640
5900089
849116
9663377
1541373
8538509
5485808
6198064
3213934
7325502
6771559
7116733
4957314
6778153
2942591
3243193
361728
8458048
8585139
7249443
740474
3289414
7955249
5209859
9169334
1884847
7430820
8114342
1912675
8370614
3603446
9780659
2965850
2025872
3596653
93884
9019889
4331241
2319236
5203499
7308487
388278
2567690
9937973
2022173
8790279
3450286
3271178
4643097
9795923
4636420
6078379
4801257
9142899
2231583
3395773
8190315
8041304
6934182
5106556
4995522
8274394
8449200
5023247
3682626
8432453
4708913
5287766
5059450
3470443
8256923
2303914
9817208
9981224
3632778
2317096
7616199
2636914
223915
261637
8680430
845082
1618805
4490947
52196
7211486
6029755
1061711
9768634
5482603
892900
4391668
614943
7328121
1110246
691874
373577
282331
4328868
9016118
7218750
7767758
728883
6600707
3623422
7066146
9641259
301510
3979377
8762849
1585867
7656870
5359738
741146
4117264
8492479
4904135
3990517
8848904
4712550
148199
5183905
27171
4800146
2518040
9789079
4910397
7112462
9713184
9511942
2082554
3072982
2228961
3675548
3723991
1338273
9033207
8231229
9319513
7235149
6560959
9838042
4498990
9977217
9369453
7523286
795709
2998189
2023011
6514895
2359784
570340
3806234
4093750
1824450
5693642
2100376
560669
2522819
9487937
5936299
3040606
2773768
365072
9576877
2488278
596791
7364109
5091376
3356196
7011959
813579
8399457
8596541
122905
2729244
3304450
715780
8953724
5588754
2534849
5923606
8631599
2573056
9196323
4389788
4061925
6387495
5659012
6782170
8755822
6797465
5574754
3651675
2757407
4684775
8348934
3440528
9544544
1945361
7281451
5698174
5610371
9319022
2725073
679632
827030
3987067
79861
5867276
9478090
7428156
5890390
6122641
2888540
6272859
8944022
9841134
1707204
9970259
274943
4140058
6028953
5038410
2583896
4903408
5118772
4858634
2580193
6950288
1537757
2335660
1118367
2376810
30415
7400252
1091888
2657391
8522133
6499837
4116398
4416125
64205
8857549
2469190
5416385
2985410
5111115
9430081
487031
223744
6779462
1847492
1259551
2593578
1105276
7786739
1954836
375936
976266
3180895
8730055
9573614
1257179
4113523
3205819
9437499
8231376
5357389
2429387
3636124
6085264
6067031
5748090
8701524
9208772
6956544
2636080
9408741
5717406
4786433
6766070
4274095
4772623
9487820
3139171
1612095
1702643
7270382
6570885
4381549
5342396
5006999
9996318
2045543
327593
9923546
5219092
9242143
6612783
8458538
1293914
4175107
9036492
8339014
4031080
7350235
9000568
8801452
6441961
6482169
6750207
8752581
3715370
5747069
730114
3345819
6366757
5320761
554120
3420084
7806400
2000440
8480234
3649497
6717837
1210885
8518368
6330595
8141339
4031876
3553849
1748950
2880209
4544573
7898903
6404812
838074
4384514
502388
7796996
975481
4907050
3307148
8309180
5910961
3071355
4034932
5520416
7123908
3569432
3097790
3841004
3985217
911452
3735139
9923659
2114468
3145238
4706345
1181614
5618049
2260812
9372279
1812336
212884
2945479
5056297
8667919
2022964
7388844
82252
3444
6566374
3855525
6216583
4731681
8616700
1487695
1044850
8461824
5939667
3099623
2132336
8785781
8123949
6787949
1973800
6291254
6958398
6936379
1490406
7389880
5369867
9480563
6068159
4171609
1155974
5322757
5026043
3012625
3017418
5747017
8848364
3079472
1924645
9421349
7149359
1741293
5838517
6181537
784693
5443771
9341910
2547946
2359922
7773382
9224188
6323796
2070641
7816234
616382
25198
5779236
3827742
3136513
8265643
4171566
8496493
9157392
7319032
7103986
6014946
758272
9610960
3061082
7953518
369304
3766462
6943818
2216736
8273749
9711230
5942241
2137049
8611186
1811841
6172171
5871100
2974820
5194466
5522709
2262357
4731833
2003922
509071
5099097
340830
3694759
9797618
4202441
776718
9709754
1778554
2161180
7146530
808532
5067417
1443720
7919410
3182107
2638565
5027941
3152195
8930337
812235
1753522
9882926
9443291
9083718
1766658
4611370
5576444
5642894
4029771
206271
7933298
9733792
1125460
9128413
8590502
601875
2545056
1153156
513487
9518957
2753417
2560464
8518811
4896355
6345364
3671264
8606641
696073
6123396
9486065
6544612
5569417
6045174
9141233
5082710
7087073
8812988
6339578
2354755
9430292
4817189
3219959
6400047
5429413
6017574
3236268
2390281
2148042
9060170
8105784
6374518
7422179
9991308
2912696
7223858
3256645
6073575
7972384
7871381
4868034
9921569
7689710
2288415
6064328
7540443
6806819
8132474
6272491
2600911
6450456
5503519
9538543
9183050
5096673
9528694
1563783
5358629
3692639
8774396
8126049
705375
787374
2349607
8704964
1178166
465579
241534
7187652
2047396
2072588
3765367
8185882
4186841
4785155
2581477
3306033
1363745
8657081
9254304
191806
1103714
4202362
3928613
7522529
6175073
2006588
2910969
7969952
3159998
2290700
8818364
23481
2627546
544079
9487395
925032
2418246
8312474
8390475
8102990
7438527
7262497
1911068
8963094
383958
4663177
2886175
3562689
2483642
5308146
3499663
7526934
6550359
4713452
8689833
4768268
636339
2488344
1680245
2795984
2665226
3156934
9017676
185664
3756932
6225815
2354971
3150052
5366737
6503633
8746483
9799144
5341208
559275
2414198
4638400
9200540
2965853
774874
4648861
8236771
2996562
6185578
4852882
9220604
6458920
275339
7086869
1070992
9846076
1694831
8311380
6793896
9045288
6128198
5883898
4417724
7531222
5242043
7236482
9085012
6649884
5313320
4194326
3018607
6554987
198946
9712998
799912
23895
699929
1711537
3401896
7467458
2809289
8610581
4162094
7680359
875455
3014059
3543580
1957868
284037
911189
2700914
6071416
4407029
6358891
4447540
7062452
2322323
5143225
1445946
2701575
4596775
3095194
8187959
8384441
5790628
2941494
5365225
4166805
4628173
8416886
6252794
5583562
1382689
8413568
3513022
334592
6826421
1078178
1651375
205159
8316159
168867
7156476
3359758
2582931
5486813
3767598
5346082
9263131
4699066
9076737
104569
2897673
4859740
5412413
3950834
9182013
9381400
4937595
8614607
270002
2413928
9342569
6789008
6357283
7765361
9850097
1069999
3347054
9254023
7251659
2301262
7117113
7018054
3653133
7226991
5648362
4718155
2060102
283103
1305465
4481575
2096453
9103608
5340710
4606264
6865708
8641900
4130956
1912963
6003780
1174838
4031370
3299577
7393732
6375593
2517991
7492431
6905912
8753154
1810437
1030552
6724415
9373487
9761963
5219767
323188
3759546
6938854
8531091
3094336
1992625
8108193
854202
5272114
7649127
9339060
140279
4638342
8240817
5484145
977585
9593122
1983341
4338432
512750
4819932
9873608
2963658
6569254
802140
4717594
1705696
7036408
6250408
4266554
1700236
6336664
5996425
1080294
3635946
2108535
4113285
2767851
3752231
5820360
7388013
3601944
4285123
9995833
4529851
9684008
301554
7706684
9547487
3648753
4761140
2871118
253047
4934929
9842258
1551333
2265949
5509025
9241628
862492
5943384
2652143
9240182
2741531
6865925
7430210
611145
1298449
8442834
4712012
6310284
6814012
9633744
3550014
490574
3450845
9122374
3111299
8351545
7649322
2782024
31654
8281274
9145035
3214839
3794785
8716142
1020542
929257
308389
9199336
1159788
5974236
4897546
4449828
5133254
4350094
1730612
6082217
5512235
9292233
1109893
3096467
9348277
9564487
6777389
6582804
5228372
5774419
4707651
620926
7005942
4322202
7925531
5955888
8522334
2173343
1408488
3487148
6305900
9120983
9562000
5446564
4382264
6539715
2188797
9964792
634328
3597015
8559883
210754
8705176
6765785
8995345
8349379
9390536
1795774
2103
654701
1473748
1804529
7620508
4470573
9387608
5460005
8818722
5351273
622756
2245629
2244120
4928772
5136227
4616909
7485081
2416025
9932053
9916919
8180922
8007781
8770230
5961134
5628965
1129139
5843420
3636835
3372404
965469
8079913
4027226
179025
5512281
9317684
2493095
9301281
5340828
4053361
351321
9847961
3994374
5004031
4821955
1550321
2022331
4244107
5007683
1086489
1808295
1105952
4748845
5275553
1991614
6343786
5593967
8236659
8488355
8971395
6739757
1244411
4615920
7510413
7658249
7181773
8849326
1060702
6943405
8117384
9718559
6909442
683366
1560918
6244325
4988738
2359442
8817133
4252517
2684042
1024649
8369332
9667999
6083862
2442032
7098424
7000017
5736219
9659932
6750474
8206641
3004886
1247300
4944192
451509
4238233
6705696
4620976
260204
8808930
8105869
9122540
7625145
6154869
1112694
624057
769485
2029760
1739692
2846821
6628017
5851332
1362724
5320261
6795838
3290541
1673639
6373352
2000192
1368348
8375756
3772090
3350166
4188007
8653425
8289807
6045421
239716
2054510
6643518
3371463
6832989
307892
4781482
1854594
8552550
9404876
5395142
5400762
6171941
4981250
8113512
3572319
1307438
5826566
212899
9302251
1979323
6351179
2731589
3455971
7912336
630420
1956157
914971
5524416
9532705
1073930
5310893
3480045
7621392
1297389
7639384
2106822
6148467
8557484
5942840
7950388
5946059
4400308
378778
4032038
7717791
9174135
9608378
1151868
7380138
140989
6773487
8017135
9737732
8018643
9814277
1709433
63490
3021282
6261617
7621535
506951
9283909
2766322
6832401
5805271
9690168
2320551
3101465
7847288
458358
5236766
9643198
8463005
4059366
8195820
4795021
3993360
8743283
2576757
5546644
6910203
8969413
6874717
7272218
4740536
3492183
9961220
2090556
4402199
3995007
1304969
6923842
9580960
7374440
8022028
9938076
8896968
7723103
4014268
5297321
4631824
8446778
2664873
1892480
2962457
4538741
3276974
2492777
5195185
8629202
9370877
249652
9400740
7623377
9649008
4391801
6768187
3957587
3165440
9981848
4524354
581949
1604417
1936364
3694759
5522777
3332228
8194935
7845477
7081081
3392787
6116405
448343
3958000
7854637
2602723
6948801
6242012
5590655
9414956
9439867
1517244
8597134
2521561
4551947
8507104
7688415
3034297
7632096
5031287
8602980
1651342
491141
6111156
1136569
6590396
7242189
7729886
3733793
8276073
7055597
38189
8758713
5264947
7431484
390706
6317774
9702492
5190917
278532
7146342
2269474
6251935
5623184
9835533
1252478
3045982
8216429
3168629
8459800
2210991
3327553
7878600
6195914
9280961
6476534
1405494
6478800
5466309
6832844
9782795
5905409
5348921
3507995
4233834
4785438
8063686
7302132
7678549
519417
7380302
6665921
7828959
3070622
7972079
8241284
5206688
4964504
6623012
2262743
2459288
8612606
2306326
3358519
6056824
8713391
8365826
1251262
1502925
3771179
7016993
3357315
391578
7021445
7347657
1827231
2424769
2081136
321262
5075970
7908130
9099062
1999952
7060954
4604406
6099941
7205630
9400334
2064360
3233144
7828433
7906629
8640098
4060636
7632328
3981543
5168365
5782008
1855601
5795740
5525273
6342061
6812026
9218444
5702364
4277947
6416476
4115787
9495424
7619947
2814271
7433947
287012
6116850
8860784
6907000
8062703
1882260
9392014
1105780
8380648
4125914
6714862
6713750
5307376
7558254
6102154
9046439
5033785
1278940
24518
8079283
7162149
8627584
2419319
3178611
1643672
6844756
8963882
5662646
3354416
1409429
3691263
7629679
4991208
2511821
9587815
5519996
4694185
5110272
4501775
7289080
7128452
1898200
8914674
98422
3539865
2571589
8868105
6760590
4193989
1655018
2135013
7705448
2516622
3936011
1777246
6828202
714884
3174841
1191981
9859785
5407844
9143314
1057355
9924717
4671103
4289922
1137478
4476905
2804683
1619551
7809308
3098469
995647
7915128
4736635
5022094
1872496
9703460
3196486
4253081
6197092
9015877
5045808
782871
8261316
6177719
6435078
6432277
2296325
6507665
7010237
4618581
4330448
2284176
6697622
1937667
3258012
4149038
7528884
1384026
4869694
2443193
4719669
3262335
8308364
2767686
2425046
6454123
9520148
9040340
5021785
9473082
909598
713048
1622858
813963
2824264
2566198
6352397
6304707
799041
4408021
7019307
1885276
4569552
5650389
6362364
8197697
1905233
2777252
8737490
6179752
7301516
7639571
9321690
3404321
6812491
3440439
2297895
8553273
6949084
7661944
1621150
3119452
1254150
1242248
9291878
1849893
6606405
1045758
625656
7604528
6048209
7365139
7913419
3126458
3563394
3824627
8878140
5515094
4662603
5947799
446868
2806573
9257041
804547
8151920
766898
5614599
1016403
1328584
65743
9341990
2609382
733738
4348203
1205875
9987793
4490304
3275413
3973187
194751
7769263
7395389
3035901
75641
5730542
4275163
2171179
2541139
5508926
9392354
4811267
2863849
2306681
5781430
6526193
5260701
2970551
5945825
3775949
1307025
5743648
1724920
3754808
3070276
4367601
86585
7148063
4419330
3697413
9485195
9987298
9870644
3335934
4657370
7069620
1920994
4407842
5701275
3836101
5943330
7828872
446091
3253298
2256169
309579
7832654
6021343
1411624
5686533
1105944
7737164
832259
2214898
7894544
6312414
2978984
1543054
2135526
2327875
6005358
8100399
8291502
4953769
6935700
4075755
4921694
4976869
7210824
8157126
4539982
9347956
4500086
4459865
5639637
3977523
5515898
771213
9643985
7306438
6708601
2944677
3792782
983154
6844275
7016224
514773
7881644
2407547
9219797
9547737
411493
9964277
3178437
8539085
6057934
8137770
9436138
7861785
9867420
6774233
3305820
9580841
5284853
9477716
4992275
9797609
3147919
7900212
8263316
3740366
9781236
7670209
9844209
3348412
2486001
4178285
4779335
5739085
4798267
5739184
6458525
4711003
2242910
1572511
713884
5898609
2951999
3428099
2211759
322402
6871163
644328
6864649
5894019
6854730
9434327
674376
4352851
9161582
2606340
1034868
5996682
7368113
3789114
2546119
8610492
4710967
3647853
1153948
7077856
4119533
8327523
8655226
9882786
7495651
9276725
2389901
6702289
330057
1089454
3016669
1101615
2999750
2384688
8963537
7485075
7823850
2468947
4707521
3525797
9735479
5860577
8088078
7879227
1629729
6068884
6588182
2806365
5524418
1752411
408805
4791849
5475510
3092635
3158694
2506794
6786405
3407745
5229570
7344549
1263544
4923824
6874887
7038739
4294836
8240558
5315907
879448
389902
1055460
7838841
990331
357776
5667327
6419150
1339817
7562439
2115568
5316219
9744775
8867925
6476838
5093554
9194120
5166725
1569373
314495
2019326
7107879
1824677
8896342
6473996
9542421
8702049
2610083
8174995
5440775
1709078
4367180
2064175
7461438
9146888
4342561
5195303
8261698
5503359
9882953
4684505
4173831
3128785
6848341
3240409
566597
6780571
3958248
2444843
6167112
4673820
6712277
4007901
8944615
9181680
9015727
4253949
9570698
8203432
6998685
7265295
9981436
5878497
3754058
4690268
9260719
392936
7026378
6879155
3996794
7360668
5754933
8404590
571080
9201212
634675
5867070
1766518
9137045
2548276
2892681
3976904
8598730
5998226
4272724
2616986
4320113
553987
9366566
6365375
8433674
6338017
1803421
4062530
3796180
9817886
7916577
3668808
9771088
849655
4541891
6774632
8430258
3621926
3951064
1892206
859882
1724763
4323843
5526103
2803605
6515151
3865579
9330261
4816537
1482529
8142662
1843657
8358099
9706855
3018223
624388
9050557
4603054
7393030
7864581
5050168
2720679
6034137
2037764
6565820
8640550
2022545
302078
2044608
3454706
3347876
5987549
1168134
1583591
4126781
3169045
4431133
4393082
7470064
9309457
2714854
592632
9266119
7750727
8068115
9485909
6318157
7851265
7220080
2867611
5357280
6158434
9517246
6969291
5624394
19832
5969628
5659272
3532088
9884529
5926047
4346461
1930407
4834988
4217436
4670542
4294675
5554826
5302308
1782371
3297238
8055900
4364578
2343647
8308495
5244638
4164704
4735437
5347509
6933240
1535981
6537908
433148
3731142
5882843
4285824
880897
4375219
8644369
5550977
8538593
6513140
5443442
9880294
4074310
1058847
7478910
2428918
5528227
9561681
2569117
9079983
9622088
2475699
7508112
9452276
1141614
9671725
9998085
156684
162395
5271546
6127471
6886737
5060819
6494118
6274680
1914053
395295
8430466
3688870
73780
2149725
1345146
1279980
9331231
1476963
1077970
1050616
2388435
9459310
4529038
8204381
1849945
6205708
1792225
6465172
7836994
5473247
2255069
9621952
834885
7402705
1425298
9123775
2814830
4074448
3308146
6385989
8136502
9661197
9854653
3760468
6776981
7373714
7477661
8214645
3279626
868970
6972757
9034056
7291797
654216
6552275
9607838
4946186
3595443
5674099
6100087
3623004
6735903
4478049
2690127
1274591
6508436
6998245
7680626
6359868
9669202
3813720
8319548
3348694
6785104
5400736
9519147
1294210
5172320
3479408
2824824
8645263
5045477
1237612
2085424
1981187
7753155
9115779
5121751
4443803
4520598
775268
9252487
2877330
2313918
5525262
5107287
7556629
9019041
6706025
5113311
1900296
8404245
1974060
7668304
9316262
8694501
4618353
957590
5153535
8856756
3216376
9874351
9378562
8556737
4820364
237918
23717
6381351
4734899
5305089
1412768
8356090
4194182
4426140
3413463
8159027
670106
4470629
6120846
8612234
5447678
3869054
1625564
4104479
318968
3777175
3129858
5228495
3914887
3240021
8878163
2333556
9121493
4378046
7566993
7174524
9325945
3277081
2384007
7931946
9918620
3119097
6726145
1073312
6086535
7678487
8103871
6325035
902885
1897877
2635204
4252362
4736106
176770
8055155
75437
2130150
2324683
1341382
7763490
4827687
3530310
8518231
6511137
1858781
356838
2333135
9040248
6220876
1906042
4124525
6984178
9304392
6223354
9413042
2559467
6198960
3210174
8146791
3474799
6451209
6196356
1584702
6252928
5062203
2561089
6724728
8481550
1749041
435445
8437799
238338
8505231
8470765
8763492
3800978
4539713
5620416
346333
6646208
8041781
6714607
8192980
2750051
8019244
8607666
4226019
4365065
9078765
2986527
425776
8087819
9650307
2045973
5911495
8980636
69837
4928912
4267870
8974839
279551
4091262
7784482
9961475
9531389
5847455
9985681
9699424
880199
6213703
3368596
3063854
7268943
6998306
7660871
4095940
1806229
6790475
4541717
6290527
3682191
3459565
9688475
1447738
2945917
1581335
1938017
7557907
9633992
6525073
7237517
4863117
7442864
2291902
4990288
6993312
4163799
4720406
3911965
8609479
103017
1620735
2954746
4105597
4735168
9984553
9266760
3661172
1974351
8389254
3447966
3235143
4026185
4625657
8937185
1188053
9996960
4734453
1472059
9481101
7258151
1809058
4985940
3447170
9740006
6391110
656269
7707238
1066702
7443421
5134492
9739074
9495636
6848264
9552666
4882858
1155319
8927825
8633266
6745775
6767045
3860197
4362906
5862979
9499757
1023114
4753993
1985322
6343321
9931174
1680658
497283
4648951
5196357
9249850
2365748
14840
3214696
4273576
461031
1967518
2660362
4118747
3898917
4396442
2729707
4204904
3719753
7240936
972121
8258890
4595972
6058686
5419561
2833993
4197132
9510966
1917268
4631208
5706149
6001294
8983401
3030880
3217916
4792091
2113952
7572565
7114122
1752448
4926642
1853339
5053065
6967596
7530337
5151519
92445
3660428
176163
1282008
1704751
5337493
3513137
6345896
1974137
9837168
1671203
9028025
1924123
6787785
5621807
5773557
7028930
2270979
7162637
484874
9502002
2566020
7780399
6713842
8551209
6557095
1634215
524792
2075374
2682321
5554935
2115860
8716765
7259904
2560513
7324099
6317825
7101731
330351
4430010
4221615
3111100
4209754
1550772
8005859
2503923
2543408
4790870
1613687
6774009
1994222
5023117
2103886
3600342
7184483
6628093
9758459
5688655
5461018
3222669
3322849
2732860
5012230
7306141
9737702
3945053
3390321
2710129
2350620
7733773
3609414
5496756
8242785
7788327
7710089
912336
3191030
3566934
2726957
6371142
7693153
1998462
2694580
2424710
1169695
3157122
5961646
9957911
6984289
4064806
7670885
3662311
2739408
1216387
1897601
6995125
2467159
8602036
4402887
6068734
507669
5518630
3954121
9359700
8000182
34135
7471847
6578235
6788488
3552105
7625619
1605424
963035
9830666
9627032
858082
8987054
9445539
81729
7204771
1089250
758262
5396883
7151484
1266292
6080001
5168966
2907942
6064052
5721063
7458475
8828416
4815111
7479239
122365
8430605
4127582
9801606
8112870
8582374
6183723
2984799
8677802
2892324
6927477
2487900
9987002
4245922
6441006
8172419
3552620
7970384
634639
1537832
1557452
5784940
2401369
6082460
9583565
4930034
4605878
6169621
8776385
2692488
6499212
8630509
7469900
1370157
3902996
5992382
1291100
7924769
593037
8890076
6221140
9973532
1042864
5299927
9290003
7391206
5795691
735743
4113558
5629078
3576153
5674491
7343870
5921272
9745256
6257933
5811491
5209474
4411105
4568580
1640314
3609137
2656435
412993
6629368
6022469
9374634
1827722
4870179
9378322
7191880
8984215
4483450
323983
1727785
4825668
1557611
8390696
1795232
5233442
4686789
8021908
7702511
7713198
9771203
8456834
2569879
8662914
1095160
5752244
4617090
2508143
4414449
7502730
8323374
721483
8568579
4081343
3276331
5416
3739926
6619662
5407595
8508206
6775181
7546141
3532372
5502828
9350835
5940932
964110
8509197
2891995
6038086
6103660
1169534
4231674
9713728
9477957
7367697
9221719
6621043
3273934
7413664
7634982
5716453
884665
2946268
3926978
4426807
4219941
9784402
818856
4071487
8199920
2394345
4707682
6318531
4217284
7322423
6156162
9421753
5349893
278307
2178325
3731815
2474393
5216909
3188460
671250
8127196
9853593
9727200
1191691
9160296
2511763
5516552
6953815
6417929
4764819
8869867
5306949
728045
7438834
7818708
9865260
6689352
5584451
9516372
7398435
7853978
5076551
458302
1452536
4067353
9088958
8796567
8098817
8187960
2526587
2197230
3098591
1607309
4389603
8861834
6116577
8498817
4039877
8742695
3915869
4489098
7834742
1032800
7084988
3779618
7261774
781814
2943773
692512
8703312
9326432
9399352
8266512
6028861
5922378
1814528
2650802
9619993
233280
6252611
4319458
3686203
5046431
2437074
6886765
2389065
8696765
3573411
5981879
4229052
69448
2079792
2043622
6747105
818918
3026801
1840741
4994036
534834
9672455
9704022
5978981
2903612
2886025
1298797
1873850
3040894
7037090
7829882
4345265
9085180
4516335
9852207
7526786
6827643
4503734
8541250
5295067
9797741
5899500
3265264
2595338
6718958
4063724
8538052
1488286
6451476
4716607
8671137
6204673
2856474
1998568
9486720
7208194
8270935
9630178
3503150
5942143
2814528
6478329
4258200
5574829
4206053
290684
8019487
33104
753198
3988704
8461619
7714533
7628504
328426
8984959
4376518
7272291
2873105
3346361
3518125
656091
6746776
2642678
7049650
9516159
6460712
7476005
1263316
6000327
8478170
2156601
3478582
4907184
3137755
536848
774849
1239526
6638833
2447440
8054080
4139599
4807189
5207038
7511158
7480060
7392253
7561939
2450064
8302730
8069271
2485759
5024676
4053263
8596159
1091851
503985
4680400
1742173
145058
4014488
9240572
6193747
6075220
7769361
5916439
8371278
9731106
8297722
5343234
2482582
1278844
3499964
1814513
324150
5755566
1101546
4613833
9859138
9702304
9577029
6744464
2109978
7208075
4212953
1566580
3545072
6171424
2403038
6901942
3031970
9447585
8914365
8377694
7596495
1050793
2630668
974755
1894655
9267449
1677185
1693398
6001941
4917511
3651395
3587775
2905255
4140183
6688804
8302046
5544507
914153
2937101
1739402
6697444
7922122
7303516
3540280
3050373
2456387
5495598
145986
7301267
5911507
3525875
5223325
9409410
7000160
8522181
1668230
4360061
1918361
9171961
5152936
689364
6051966
8123385
2704674
7257303
3923972
5343016
877071
8849970
3806695
3585922
5102113
5778575
7557839
2996221
1366722
2772206
6258716
724528
7089393
782195
5911172
6369324
5335675
6634044
4979255
3188108
3959322
6661803
754715
8231836
9025370
3656991
8001226
2692160
9126142
9164436
1634139
2260674
9109768
8023681
2901864
9050115
7359686
3248056
9693995
6954268
8748959
3946190
9142583
3453184
3905937
3915558
7062279
6251254
6481628
7848398
5162475
9656966
1343722
4269710
5106644
8959664
8548699
8220830
1577500
7346197
9031803
1760536
5725550
1348428
1749126
7949898
2569894
9590864
452740
4442381
1681084
6772762
9329597
2064597
6022219
9177812
4015036
4596816
1380455
558587
3898640
697403
4106229
8372460
3009408
244700
4609545
4074162
2348354
9191279
3298725
1298436
7601384
830535
957082
6394381
499212
759006
3021384
9056606
8036747
7579843
9774464
9322086
1168003
4860051
4478511
7228270
6335023
3524307
696420
403645
5230363
9771453
6661967
5977486
6915500
3627886
5383781
6235323
9631736
7410119
7842861
5051194
2166966
4764005
9194270
1878813
1079070
8666380
8797238
5100102
4868636
6836743
7268761
1890820
7696697
4882744
9132391
7656483
9379828
2836457
6736580
7907351
7713353
6618565
3524964
6159059
8626693
9424396
4420483
6608762
9677541
3700955
381052
9764389
6137078
1682056
4939474
8480063
7869762
2741454
3600120
8312815
7984060
3128410
3320601
8637708
8059723
7765274
222647
2893784
4016831
5769011
4300753
7553053
5661752
3678703
2449965
8305847
4067494
9848502
9414492
4549613
7542957
4655126
4817067
6451070
7378722
7181674
8067168
5062637
1125308
6409423
7891947
9349792
7374126
1485611
4235883
5117251
528161
2364965
8528327
4938513
9863247
3810718
7373946
3252959
5133101
933196
5345917
3786909
4153763
2461684
3038034
7849278
6269645
6348592
1143727
9678112
1247009
2467722
5777649
6154235
3849970
7857186
5692006
1189641
5799449
3810944
7723239
9274343
7555289
2607191
9848970
2419372
4892639
3915749
1776690
402397
6638679
8651495
7701304
6687442
2218424
4644055
7584710
2403598
5120283
7112331
5230521
5297226
8796414
491703
5418434
6565230
9979293
5936592
8277505
7208836
2468298
6687653
3312746
5062257
1876952
1145379
6875820
7782746
12619
1404724
953585
2642067
6344813
9235456
3256426
4262117
4859974
4456843
8613646
8740668
3380597
8078113
5674923
6367776
8392752
3656810
9852897
47447
8282823
2806231
9731140
2290204
2275007
1736019
7170279
3704393
7625086
2886785
4220584
3027491
7661756
2615032
7609732
6540180
343166
7973489
7909171
7097453
631438
7318854
8231825
4306202
6989484
2780421
4587321
4034148
4848193
5992303
2463737
6783195
6786997
1260526
8345036
3804047
9957883
9508481
895325
2717884
7311099
1492552
1894311
4401571
8200746
6058245
8694178
6809144
4198519
2677001
4187800
8223798
9428536
3559544
8701810
5415424
6518407
7589183
2795996
5338152
196628
1551012
4076852
3407824
8634092
3100862
1653748
1781730
9184090
6416502
1802215
2297228
6251705
8476454
2773456
5753242
3874587
224756
2276652
9046326
6609835
3935264
8504995
1309091
4296309
3033693
6701244
2206126
7005999
3269635
4745883
2361047
4340579
2442215
8660170
7752096
2660776
726772
8108172
4658100
4799313
7000471
8651874
5707220
4955084
3935059
9939260
6578466
184982
9408032
1360758
4553376
4082348
2565015
3385947
1306133
3709272
4886624
2157997
128610
6285103
7695481
2925854
6716628
6363322
5263575
5278814
4163394
6876577
4241711
8507170
9970058
1806477
7664113
3086542
6197690
9519336
7462672
7437061
5531541
2066195
9452386
8792985
3426086
9509116
8692585
187606
8934124
9007223
9918133
9210758
8286905
2724096
6975617
9424476
6667159
7221321
7076352
5056076
2615137
7403057
1851948
3089123
6224707
6925671
6920515
741221
3157563
2731539
3069081
5911584
9886628
9517221
5908866
8051142
7994793
2103824
4553710
5588304
1887824
4915449
4106881
7288192
4639807
8573494
6656099
412720
7677800
8974351
4066727
8429254
5982695
3843489
2607547
3740395
7850747
7051887
8719881
5453766
8734867
2536454
3451023
7892746
4475292
5338568
189851
1707591
1218835
1855158
5090309
1339453
97570
1659582
9279238
7575427
101720
9004566
7223330
3870786
8082251
922794
4915707
4824561
1254944
8019387
1177104
5814546
2332975
6396501
6719070
9131223
8480738
7977828
3692200
5764773
4650477
299443
6519989
7888349
266439
5878865
6952026
328763
3392385
3605022
9362038
190557
3478832
1018339
1650712
4835639
203822
5463402
5692955
7489645
1958293
5188124
1802673
5958087
130343
6711150
2067882
161902
437450
4553170
6351872
616295
9945322
3753953
430722
5889398
1008055
5724877
8733079
6572721
7011553
6692706
1003200
3285065
8806701
9352405
890793
9965116
7416258
5670249
4534204
6709402
6416291
9280110
8033210
907548
7573918
8727884
6540494
4858260
3406304
3817936
7406970
5104966
2521292
5932514
2304890
226680
9174144
8697141
8906011
3262881
5703683
7029119
3653042
2790404
4064032
2368933
3802008
6032689
226638
7452683
7515645
4537104
2466448
8856459
254549
7828116
8062554
1920603
9263703
1418426
8303265
1741729
9024536
232695
8602570
7751178
9349534
6342305
8533274
1447585
5466823
8721507
698903
9546869
1679270
5063228
1721448
1537146
1404335
9329115
6288970
998856
6268595
9754094
146538
3320313
3851670
8436811
1477900
4671163
9013404
3300683
2131835
4927201
7036437
790354
4861601
7758501
7120278
2303377
662559
7311249
1786165
9837605
3605152
4799527
1869865
4059191
6387445
5631281
9479370
8419018
1956859
3275172
945263
1508140
8612860
7268463
5373266
4832439
76374
1927021
353882
1010155
7383867
7447040
3626931
7881716
42285
7363407
4738731
564084
2648061
4508823
6794413
9783522
5659372
3476951
8694433
7491861
4973266
7213977
3725699
9945901
6782678
2099553
7240834
1891661
1099516
7358339
6960726
4915644
8562641
9470043
6517438
4492
7106382
2506401
2968722
8735036
8536668
5642209
6901308
3523962
1297652
26841
1349348
1753210
8532730
9545201
8836479
1597222
6377994
2688057
805085
4457400
4217202
8319294
6732412
7345508
8733701
2187609
5754645
3533470
7707234
7040155
1333346
3735715
7702759
3957208
5356710
4118794
5910459
2882187
4463567
8263185
4106365
4357961
36666
8949273
7629729
8177661
9146361
8714958
5821723
7454511
5696534
6391517
8657198
4631328
9128542
7398474
5260145
2131377
148149
7758510
8021283
3630534
3422604
1460835
7139455
5639012
6010050
1845010
3105920
8183063
9589861
4761969
1695638
4162746
7453341
4952648
7753049
956212
9197221
778945
837090
9148551
7080118
4321393
8346121
9310542
6612896
9014202
2445589
6442110
3890661
8123102
7663710
4913247
9454997
362721
6438025
4995875
1804845
7555041
8091793
3727299
1151541
2175256
4630014
8923272
9830898
3912184
6832476
4045345
5843888
9078154
6870620
838706
7151837
5985642
6069231
2996544
7456331
5203674
9707287
2853046
311445
8693233
2689298
5491531
8305020
308500
7880095
3554105
6854838
9813785
5292042
1309634
5384486
312989
6981636
1048597
2910101
3778746
7420544
7390239
8173522
2227675
1390649
5931838
3494155
91531
6134084
3676937
8217679
2974127
5399410
5746462
7296009
8085468
6712884
8412765
6883489
7295260
1123845
7373238
4272330
1070878
341828
33316
8617505
384070
7453748
4416115
8748646
9018206
985114
9718292
5610775
9677943
2928998
7709884
2458538
4874623
8470549
4744881
6291890
1791591
4614907
3037444
9325902
3769260
3287561
1317283
707224
3117481
7421211
9952815
4367909
4938198
8476537
1832491
5517292
2394334
6067141
6559948
4509661
7908771
9121973
8624815
5356947
2925055
4084812
7939151
8970996
8128821
5381924
4660782
142479
2111258
6059426
4004760
6030820
1366114
8607607
8701046
4692137
3946943
3070092
3546030
8951347
3010955
8197425
924237
7986097
3837245
7098562
6990887
5089247
1248355
5445036
6892401
3611411
1251636
2033870
6936884
4667165
6482887
2427816
8228066
3123412
6874379
5598997
3279346
6950808
1436431
5654603
4925902
3481716
7384549
9558825
3474696
562277
6145717
916392
5047310
2667819
9105969
9780478
7677069
7393783
7822811
3191486
4544461
6756620
4498383
7392351
8154312
9912761
8597264
8889124
5162489
6324699
7633748
1698562
8136579
4269125
5937835
8766575
1788890
9258272
1195563
8475376
3592863
5156921
4137513
9379025
2377904
3796234
1116259
9997892
8905847
190597
2509600
5279919
6334794
9113398
4113781
7793818
9720058
9283233
3153754
1939558
9878996
4062561
2707792
9032791
1485746
503744
4430191
5233838
5377842
3720813
6112970
9814773
8123476
6422938
7246881
7510403
2941866
9171187
734693
3264956
1369471
1317955
4197138
1809342
9125485
5422664
996813
8354777
6764079
9209023
8541819
1075117
9587662
2678477
2820943
911096
7113210
3967288
877116
6180551
2523506
2605302
5763185
8459540
4263314
4416953
6539302
5024519
916742
3269127
4807977
9892451
2077031
9146391
6857499
8124145
5131436
3860811
6423319
301306
9943083
5133365
9238830
9590100
4877154
8438081
5380902
8212550
9965961
3488298
3504247
4850699
8601806
3724244
1335918
9393993
8639035
2455148
6916726
7234407
6344944
6938238
7361314
5047216
3545077
4247868
1213401
1638337
6899222
4419427
9978616
3233726
8215599
5226100
9682999
4655352
4450959
7275111
3424579
9281131
1911039
3754262
7557127
5104267
553506
9904859
6682021
2980859
164669
3653735
4924238
43565
2441841
3410544
7261313
1327238
860436
2700759
9892930
7085679
1948447
9079764
1886786
4956707
9414821
9821902
556601
2513042
687756
5518240
2640465
329731
8917475
384154
6391418
2349448
5558255
508971
3918724
67217
3918311
7053531
910267
7028602
4816929
273406
5373182
1900165
3996090
9549694
8296134
3317065
8376136
2464857
1733669
8241833
4790661
2002290
8450462
4681241
2611097
4966714
7375002
6026172
4937009
8488872
3365641
7438783
3426486
4903267
3677294
8705286
954521
3156212
878346
4960881
3831211
9485552
8722308
636615
4002548
4851063
1749915
9638029
5035319
809743
8717400
3833725
662683
4971061
2981517
6127022
5820438
5576818
1333878
6954904
8441036
2513519
7731365
4120800
1905010
3774338
2702483
5126310
3865310
1127127
1065126
1328320
6392459
1694479
6633967
8218868
607887
1367195
9161929
3813348
2288475
6359867
9038946
2257909
4134675
9038139
3784549
8440098
4051082
4658669
4488318
6267383
6921699
2666919
3761238
2249851
4925880
1134495
7246706
5340485
587622
2951201
6286783
1083384
2111847
9804890
9609008
127382
5587792
122549
9415030
6536266
6195875
1764241
2199739
3002743
9257864
3792010
9825319
3489938
8353167
9672576
2999408
8043638
1941803
178538
3816347
3524952
1300092
4404252
5681431
5641292
3307077
8218631
271439
1196238
5093008
5620056
4890563
4196960
6708872
255313
8907244
3233310
3669263
8429864
4852758
1419684
6140476
3828114
8100780
3054814
1559642
2795220
1427366
7008130
4030021
2571554
6085694
1130552
4898822
3076799
1306845
2168944
3338794
212492
8477222
5606372
5638596
7729161
2980486
6273718
2296202
5630746
1922719
5219070
7352221
9421252
4964285
8308108
2472745
5893640
9028630
1651062
6890591
5470743
9737371
5822150
8653319
7794377
2645742
6481660
257656
752827
9255131
5268629
962159
2682270
1071988
3725063
9815651
6590080
5172556
8059283
4253066
1197888
2656054
4785667
8464967
1349496
9991031
7297374
8628502
1570021
4462336
1020580
9817609
1906125
2924827
4174973
462173
2364730
130309
7424307
2087152
944638
2473983
5815179
8120275
704818
760425
8138645
5403631
5311740
6492136
6274213
4980022
5164914
7311678
6005729
2171099
9415109
399172
8812893
9569288
5554786
1077356
7484131
865757
2153357
4181322
8159946
9645592
2493614
1314262
4093633
3649194
3383247
3819991
1085518
8686409
597001
7447883
6372812
1056730
5944488
3312374
1867179
3585815
7830771
6343511
2663489
4779943
329975
157892
5609860
826701
6309380
583525
7068904
4115797
6705940
5657284
3300918
6763419
61670
2732986
2514291
4651923
6649652
9509931
6215736
7737918
2976709
2424436
6388311
4212558
1089328
4533852
2716614
5338042
2874816
5670578
5106572
9903052
8085826
8397978
1274317
4110395
3968041
3814372
1491160
6918866
8208485
6172295
8862119
5912704
4767203
7303621
5994677
9340632
6208121
8348440
567270
6989576
7217410
44318
6116889
9181867
2991162
6341676
8071675
8865565
4351634
780747
4309855
203399
5962868
8931620
8888362
6213919
5349138
7944303
8513940
7120517
2837520
5148227
9708771
8143289
7077393
3619678
4972331
4292633
8233685
2522739
4991536
7271938
9940687
2499272
4618308
6811561
599132
9394377
8052312
8087691
6917195
4326357
8316735
2470119
7192888
7369928
2325791
7009796
8692532
7767711
8803497
8007088
9819754
5471683
3682126
521542
2230353
8191681
133430
6393391
2141930
2204456
6074057
1745441
2346850
4190523
6198096
6523139
563524
6006904
7208313
6633450
3099947
9696522
3928215
5831963
690976
467681
5574578
1752681
7475509
4662196
8715707
5065854
7730300
1209084
5577613
210953
8600412
1532449
6037251
2810867
7679225
3930777
9363295
2077432
6412923
9040307
5776086
9263804
3380192
6408356
147373
4352840
6140242
1708192
9219454
9112785
1099281
1981884
8274263
426940
7325410
1044792
878037
625685
2979702
7375948
6319522
8447512
8126752
1324786
6056247
8260540
1416864
4234267
4647244
2108953
3698974
7445121
8054355
5912782
5499660
7378126
7469786
3393335
8185683
1525143
4967128
6761086
9856442
4184355
1126152
4099394
5021106
9633290
2067469
1053497
2874362
2118990
9605139
8100234
1990013
7859896
4326692
9535180
1805553
8336863
5908255
503492
9327439
8947740
1112828
9988107
9420120
6743018
5759219
5037781
3436363
2913579
1364917
9266090
1365203
1347324
2959433
7591958
994258
6090236
4019127
5075893
2627060
5133745
3502391
1166446
6323874
6281859
6566056
4791014
3526632
7224151
9690640
4985207
463576
2079648
8308253
6547559
3224916
7927885
7021443
5402584
683921
6038625
3201591
380519
6776923
1328223
7829740
2026242
2544579
1741963
7198471
507953
5284218
8397938
6374843
6203934
5304703
6531796
2277348
5375616
7525979
7713175
6502275
4819255
5891747
6198175
7194551
804219
6208422
2125054
2954852
3902334
4437106
7244312
911440
5438034
7231726
2915031
736481
7574464
2352736
7138925
2160296
7809349
7418054
1433847
2740679
8706976
5842708
8870554
777860
1135422
1436242
6692330
9724165
9235215
682483
2772349
5918141
1119747
6530444
8912620
4510573
847462
5934075
5315030
3695478
3712179
810554
1293694
8830838
889283
8648284
2618923
2274078
1662636
2284712
5850167
3717927
9847860
4431701
3074248
802648
5784521
5160711
767502
8140826
5045631
217473
6239605
9934017
8741730
6323948
3441807
2369204
8783906
9436534
3051760
4261247
6388684
4696861
1922370
166989
5677063
5140205
620852
6813838
4956142
9045946
8958037
6037009
7025495
4167150
6512580
4419617
1494375
9671156
1155267
2883862
4229709
9391337
8734102
9213067
1023513
6471303
3970148
4264620
6596714
3529054
6526235
9151895
344199
2731514
3979725
2946505
1957619
3041918
7643869
5288472
6532271
6462496
6987324
1183749
396767
302053
1629439
9632852
4784214
7388074
2248529
5291175
6643647
7378648
7337609
5990958
721832
8465374
1993497
3024077
8475455
754352
7801308
3760181
5170649
3058998
5782231
5643612
3763512
1924471
8397362
6886973
5861968
8903512
667223
9548599
7941535
4289619
3551242
9500957
5326181
5931067
4364118
2149218
8451876
955073
6292238
8041581
9334332
2088810
5757265
969193
5297367
8137897
8210385
5632448
5008923
8421235
5309759
9170155
4351671
9302795
7620938
5645716
6504475
2001325
6512168
902317
5980960
8734876
8129416
4419993
4697064
9678831
145162
9182840
5141380
8693670
1771825
8609325
3090666
4592735
7587702
945140
2068680
2760859
3224191
5367078
9933391
9515500
8012347
9520812
948191
9024309
8605374
9471222
8238836
6012689
6979835
877272
6478890
4475493
9251203
3502455
5475406
9898628
4524428
2383075
6512460
4883719
2882304
2352539
567770
9184311
554308
4137237
7405039
2577155
3250913
5419057
234427
6788928
6468358
6295201
920118
1734237
6163970
8088625
4400560
662991
1674106
1633995
1234810
9011145
1436973
8350608
592218
2349494
169966
4237299
6340317
5805296
264446
1896865
2723271
8300834
3986400
4432475
9484023
3662036
229542
6735462
5057960
2509150
5354756
5419299
9893811
1432507
1482658
3836701
7625104
3428677
4382489
3549831
6118442
5347300
7512327
615464
1268767
1690964
4731458
7275630
4397509
9773615
9797857
6783364
3377368
970960
3042104
7248353
2806181
6717418
2097311
5253687
8889301
3831208
15329
9959686
1059699
5111351
1253354
3872118
972520
4661782
6178722
8127309
1582621
7129189
9790434
1085491
2208368
1693558
5229989
8938459
4077670
3529771
8501855
9556939
8731208
8855540
7543660
4335036
5996192
7651151
9318627
9108083
7912930
9146169
5425859
6589426
8707603
8716247
8241530
5226178
2016377
1482168
2700756
2920072
4500806
3662428
5873367
47522
3122481
719830
223368
7737974
6742425
9826373
1575211
746011
8444689
9191446
311632
7149032
5169166
652356
2572022
8266950
4685678
8789274
5738162
2660645
7794946
7330543
5615188
711176
464293
5327933
9044030
6044507
2505041
2228891
2231795
577212
2617754
2942943
1792168
6283012
3434934
5915808
4616715
5458014
8464416
4369481
8964407
4503002
8733557
7503047
6062290
3990463
7210593
498015
9136312
5687220
745947
6145613
5358869
2672241
8356539
2425187
7594939
1252910
9100339
4791928
4925395
8598265
5619742
324810
2067739
3535086
4781966
214371
5769877
9873890
9065831
6733164
2035359
43740
6188023
4237285
7222093
7024871
5024684
3493785
149163
1385134
9988971
9849400
2198703
880178
267888
1412898
5580183
2977706
1890385
8406962
228490
7281600
3804844
4188865
2720757
7951559
8260867
8757789
8983122
3030524
7235609
8153221
7693752
5012475
5694607
8070531
7968902
143964
7831524
4681510
4511910
4801516
6050786
7021930
4066285
3086851
836007
2350299
4060743
8380824
7661975
9326378
8463832
8218857
6173309
5197408
4640799
2373667
8504602
8179297
1153928
1156307
4454291
9469715
6120182
341085
4186356
8061099
5488559
5596260
1988164
6561444
5491698
5195315
998725
9515240
6161688
7705324
6987596
5798079
8092965
7720093
7997416
7109653
9546916
3903388
1323609
372660
5354417
6897169
6218365
4720214
5678711
241773
5768944
8542973
2637259
9574240
1396114
4527820
1484435
7296871
4235104
8725741
1590496
5378520
7272276
1702300
7845566
3909583
7476300
5244915
966923
4276768
4348824
1156579
1657136
1090366
4891190
488111
6975798
338725
9183531
6245120
5846184
7496198
767362
2118115
9779684
8080943
7131017
5056769
4501568
9585744
2344270
8135620
5408636
8842582
5963732
1505549
7355870
2261311
1870161
360169
3446355
1185146
5906519
3907403
3064872
4710592
2894071
8576936
9309510
6794003
1097277
7229220
8084668
7830697
6646508
6616820
2059445
7450298
3843555
9641155
7639502
9897284
3233695
7510804
2181249
1518032
9858289
2490466
1276438
7275660
1000192
1747266
1081631
2310048
5175857
7451288
7328439
3821675
978311
6380925
8668660
3660510
4467407
7712038
2243144
9574162
6336615
6908521
8801284
167954
651383
1941451
3472743
1842215
5659160
3605075
9845795
9466450
540605
3434868
37580
5571950
7969613
2389484
5590918
7681742
8206726
2598283
725366
7464414
4410975
4752334
1544038
9202202
2744734
2585762
103840
9422926
7386113
7907102
8682574
7260362
3167664
8524184
2450616
6016633
2984194
6709948
6480787
6591679
502751
5369062
7012736
2051680
1566649
5968181
942827
4393220
7991660
1968410
5139807
6841596
2838276
5870796
1490953
9448858
2977288
843890
5292045
752019
8709811
7283806
1897185
7355785
8928175
9943479
744936
8385421
2982727
2669202
3260229
2353108
5739036
6877923
4519249
6227400
6626010
2849763
4155735
3410400
6692011
8810845
5613244
8797529
3139960
4307292
637929
5997489
5735140
4727296
5050589
8585163
1299788
3693848
2784620
327996
3731255
1406668
4021791
5787483
9171233
7583129
2991215
5261131
8585694
2005479
2131844
1735755
3036383
2635286
5059285
3316297
7559655
5877059
2333396
7746169
2351667
6296524
435428
9146224
1092350
1521101
357331
1283519
9671747
8850476
5564354
8421317
9008800
9150401
9214751
3064011
9855808
7113434
9061064
1410771
4096122
3852549
9018055
7430902
5725860
753980
9763433
2308558
9635589
5492665
9696527
476764
7742569
7942905
1989541
8491771
8508778
9295863
9810258
5820721
8085376
6738816
9113115
9308554
8510749
8475130
7540768
6054795
6684398
8377840
6991634
4182186
8306763
24369
8247913
8366470
9226155
3476684
9805731
4513432
7156696
6242946
6547104
2743177
1208169
8458521
2402902
7864273
6337131
934941
2373885
2547751
1205340
3171252
300233
1205171
5073227
8256608
6944974
2684679
288112
2073948
3547102
2234261
1473319
7523583
8777536
4312919
9391817
6287148
5754561
3102741
5847881
195315
9739570
7734136
8963385
6691458
7468145
4525142
6344949
6616500
4103769
7801970
3159834
623871
7991694
1583421
4907901
5890350
3343025
7360632
3817986
9085610
5327227
3269083
2309269
2892300
743325
7181688
4463240
4415922
2961878
8552239
4155127
1932606
73807
5596959
8797307
2689194
9083658
4165524
3382254
1705151
5712856
7532538
9830083
5627089
1888088
6910530
3962150
8546922
6009848
4659100
2962460
2146751
1903915
4611330
9399316
8582334
6797528
8504486
8817007
7203948
7918561
8431773
4971618
830983
7414371
611996
7227150
4808373
5228082
6111002
3164885
8749065
3825682
5260958
7198853
5805172
2781081
683218
4799615
6897017
3573489
3704713
7103532
3119321
1124890
1342466
6937660
5454970
1629684
2723893
9038673
724822
2082453
9449301
1630718
4190940
4885713
6098735
531237
2349871
1242698
5268726
6332660
9014005
4121825
7047080
4239930
8134956
6376515
4514888
46060
8442152
3935276
7821022
5897054
5209955
8466728
6300916
97563
2286199
3660321
1806034
4016343
7659470
7447704
7006963
4206071
7931092
9868752
4781743
7836577
6117414
7497218
3364487
5421753
478333
832210
733274
4301211
3167970
789777
8990224
9885922
8675999
2672244
8320325
6645855
9669056
134010
7492496
1524833
1096404
9396563
9122250
5025935
7041132
8195021
4944249
7745296
1134491
1064767
9056028
1597827
8645516
6131124
8534086
616247
8099569
8998368
2655772
5761651
795527
3412004
4683504
3199121
6984548
6829738
8954342
8314301
6303636
5093912
2438073
2497881
2000487
4364005
750222
7043233
603724
2550528
996134
5026200
6910760
2860741
3044249
6854300
7756322
8936770
5678868
1107233
2710743
4803592
2226058
1146035
5901838
9019622
3885531
9478690
7624325
2985890
1897492
4203745
608152
4015202
2993834
5761763
1304469
6007717
2915082
7548204
6784736
2890315
620435
8368119
9836981
7498639
2597478
3882779
6748763
3333098
1726611
3416127
258718
7750946
7647760
1895708
2879168
6702561
8462018
4254290
160946
2682700
4779124
9799459
6208274
8591588
6421631
2422814
7711887
2223563
7089644
3029454
4380165
8828184
5103187
2404249
7919101
6333606
9183334
6771663
8788839
8581020
957868
9688861
587544
8217677
5366850
761886
9063603
3930682
1635557
6638254
1865471
2604129
8131294
1708054
3442586
8711857
2586043
4204884
7101119
5827445
1653224
3524209
4204417
1154114
805802
4641019
5479966
7069577
746807
7404887
6683865
7662812
6227220
6456874
7818186
6875487
6056487
6910697
3297844
9954599
9354022
9300855
3574454
1801036
5128330
1062340
9293601
7734632
6788772
9346525
7718376
2398695
8624135
2145241
614654
7829982
443571
2949477
2239903
2855282
1517279
4797241
2503224
8160050
8235378
9120419
188986
1982164
429404
1790720
7143284
1287932
3655281
6576654
4203942
9748977
3560692
3124633
5190753
8616631
2404944
4727724
7630550
2822223
7351623
2133223
8098458
3656928
6902517
8088806
6790172
9802711
3451757
982514
9324987
2711398
2509911
9675795
5228860
8560313
2332899
8470661
1950316
1426671
5413818
8398121
5886101
3521525
4634865
4307439
5604438
9129838
3859680
5573301
9202185
2787993
7231883
2634338
419279
9084307
1216298
6872009
6009048
6829551
752935
4284447
5309849
3301531
4331926
915521
8090940
4196398
2450238
2083784
1988786
9718467
8092512
1266905
1462518
5942264
5620678
5229595
3716066
5702539
5808255
9600985
1568307
5246223
8302327
8615053
2443509
1055735
6324898
3938404
2017491
2824391
9757051
9756109
8509388
851232
4894358
5158519
4901633
763580
3542526
8880800
7728694
4125242
5600920
9957893
4809836
8335082
7465393
8094330
5396521
5652269
1417152
5387365
1872207
1035813
5866433
7870518
2008909
5660683
1643509
314635
5094974
6361911
9584467
9327238
279744
3891162
3434941
388258
7296199
7347512
6258215
697333
973887
2713938
9233562
7933242
9540617
6084858
5757572
9647855
8705294
19546
1672526
5205834
4593089
5570942
4349466
271250
6453103
7326776
1258201
6960346
7501330
9987676
7904448
3108943
1915084
6660535
1134256
8253886
6318798
2367974
4448743
1797248
8668674
1274063
5437985
7371086
2278601
2131187
3064195
1820461
7120139
2221484
4710711
3912659
2148297
723029
2756188
1000999
2960809
2850706
8713426
6018852
4913292
1430473
6979788
702412
4228265
9232493
6724729
5406657
7356296
8689717
4922519
621238
5910895
1540918
6293195
609517
99461
5003
8544419
5506408
2249564
7554295
2542589
9316900
8235801
5432929
3310422
7853954
3350352
8738620
9724603
4288704
8289649
7803956
1312698
4903409
2038573
1959875
7784715
4931378
3773919
7234913
7915223
3915162
8713393
7370681
8375034
4255477
638261
855209
6288680
410519
8300756
6520070
6614740
6838351
1238036
8776973
742317
5350386
3404057
285433
3864239
9658575
6195790
8413090
8362107
3408571
3526641
1676852
1885755
1717117
2742924
9490863
4398822
8193528
9646591
7138313
6341847
8461945
6147748
8541556
1397370
7274222
7353492
4719263
1020023
510929
2443863
5337416
1489523
956683
7324496
5087586
6230464
9542725
1862461
4626739
9280155
2374922
1557563
366834
8435817
1505468
3407728
1718173
7236255
2315744
1529512
2328797
6698415
2544172
2305825
6679775
220823
1750562
6326047
8777079
3859991
5796112
1131931
8121881
1318780
930209
9571523
4429214
685745
511000
3400562
836305
1562980
1874276
2155231
8436588
9125620
6424233
8594770
7408733
4373128
3964112
9882681
4142987
2435988
5661501
8458873
3320219
386130
1792639
6876064
6816266
8514054
1620460
7238394
5709073
4055856
3025015
6135055
5843188
1389320
456860
3801917
8058641
6388877
7351326
7299809
260785
2137828
5727833
9856152
6302178
1794082
2968049
1449090
4178149
8682724
7472261
127697
1030941
9820806
2525547
9034974
3426253
7478745
253406
6688759
1186385
1809888
3050041
4405491
9048488
5431368
505880
484979
1980684
5812749
6430783
1181532
4560730
1022988
6890085
6197175
7263771
8185595
3206438
2096737
1754837
8717430
3195994
1177337
1447511
5499608
1983233
563699
4616621
593355
7593493
3413309
5956118
1935930
2217398
4730740
9268509
8823132
7995484
1972809
3358507
6683998
8239990
3635629
5922315
7542742
7202050
3622941
3458386
5825895
9626931
1372966
5379281
6797793
5423933
707162
452616
9539726
8177521
7470252
7710889
1740647
5586578
7265077
1435917
7524761
5755286
4609323
533089
1361458
9704555
3201333
6637347
8963293
2097848
8996650
8444387
296900
5109596
2912423
143031
1346944
9320062
5580003
8992223
5385630
1441453
2743022
6368827
2589795
9029312
8686936
451602
7732166
701092
6973460
7325641
6056306
2350936
9771649
4986491
3788612
8782948
6248066
6799224
9130489
5650692
4787801
4742103
8270085
7941490
5341456
5745304
7366994
6567787
8819568
6956287
6075471
3656083
6709946
4512053
6259354
6888871
227040
9248829
2400561
7869908
7396381
8857087
8537443
514785
3953735
7668739
1561876
2583161
6464582
3945332
5447293
357167
105555
4342564
1466397
5124298
6663501
7739177
6992980
8261076
5147195
2733289
9897450
2074180
5669378
9321932
9443739
2212217
250048
4478913
5898038
5772274
8261201
6931298
8379446
7958409
1987544
4736630
1304654
4742969
8904782
887303
3207327
9485301
4139701
8044622
8296714
3650754
1601642
864760
5639702
9693074
1170601
7801195
2813287
4862461
2422898
4921993
1849507
3827665
8434185
9048242
6093073
3646872
7181396
5693658
6884734
6220310
4389149
5630265
261512
4640180
9838288
5966871
7485393
8818142
1366793
2995537
1814717
2237406
3802400
659159
8223115
6843843
9468925
6927736
6511362
4651432
5374100
6043090
7151272
694450
9148374
9494071
5957298
4946112
364872
1214258
107515
4300
7457895
3817504
9419882
8787016
853626
442841
6041581
4393712
5197262
1523834
4648283
3790386
1343473
134369
2593574
571866
2993574
8522480
546065
95724
6270661
3927731
2898308
3190472
4841494
6873178
9111770
2762242
32574
6038659
4388905
920515
6857514
2750670
4740168
3375432
6966139
9175520
8684572
3658301
9938069
7864432
2458249
7225449
9984290
4681252
3655479
9841785
5708803
2647498
5650359
9805330
3819070
3027152
1382300
9281999
2885921
2723392
3502039
9134622
5263535
4734175
2800254
1283656
5839928
76381
6303176
5046930
5263743
4837743
5988913
6844035
6747655
525160
1681419
4559908
7747533
256651
3661753
7936473
8148206
4828326
1649116
1546535
7071703
1834719
3903487
8395795
5160604
4104487
9376342
2938128
8353220
7828020
2384798
7431106
273324
2094361
9381730
8204650
5590588
8155492
7581516
8945233
659805
9986746
5688975
6274274
8145308
9559246
3341511
8499078
8383494
7149949
6928588
9470768
6459559
6200746
5054122
8016826
8035877
3846665
3832083
8318593
6801595
3556318
6555135
445891
2838566
7432340
4340787
2055730
8455543
4791203
2323043
5198164
2559301
7756414
2477358
1542102
1765652
2688820
8607192
5635597
1527239
1331335
6230282
9417566
9609255
108435
8802050
1421079
1210122
7587386
2761807
6581293
921323
5622878
9795742
65682
8296020
7506112
5903441
293108
1695940
872590
4228697
1677079
9327776
7785051
4349851
8344931
4726418
5028411
9817378
3026384
1254818
2400894
2753813
8209980
7305559
3300200
5713751
5363638
7845231
1625882
1336457
4465531
3736408
2911780
2014330
5960682
6033464
3831315
745783
7363231
5930780
3194526
6198098
4633635
414012
1426200
6402560
6881754
364799
5601323
3138971
4180797
9957449
9965253
2321042
5954832
4159299
8208015
1658216
9941463
248637
7674063
8412651
2438539
9911920
7579950
6376298
1606566
4231629
604659
8888971
7391210
6925432
9480869
784865
2736797
3959247
8060271
4145074
3533719
6717773
381445
1259956
3314362
1463665
5008462
978175
8520268
5365731
8231112
221917
8673465
5658111
9504942
5942191
9488907
9655822
8094331
4724929
9741528
2768592
955764
9258616
5691273
8705860
7536203
83774
3444856
3450178
8025716
2339235
557464
3059197
9996488
8007011
5494204
1743898
958236
2840017
7781931
8856796
2773801
7629561
6332905
2341518
9726353
6814864
